nohup: ignoring input
#Number of threads= 20
#Map1 Threshold= 33.000000
#Map2 Threshold= 33.000000
#Band Width= 16.000000
#Pearson's CCC Mode Normalized by Ave
#10.07deg->4.71deg search
#reading ../Data/original.mrc
#XYZ dim: 100 98 112
#NCSTART -50
#NRSTART -49
#NSSTART -56
#MXYZ: 100 98 112
#LenXYZ: 100.000000 98.000000 112.000000
#abg: 90.000000 90.000000 90.000000
#crs: 1 2 3
#dmax,dmin, dmean, ispg: 88.407982 0.000000 6.108566 0
#orgXYZ: -13.159000 -46.361000 -17.031000
#little-endian mode
#Order Mode= 1
#Nvoxels= 1097600
#Reading 32-bit mrc file
#XYZ dim: 100 98 112
#3orgXYZ: -13.159000 -46.361000 -17.031000
#width: 1.000000 1.000000 1.000000
#reading ../Data/A.mrc
#XYZ dim: 68 76 62
#NCSTART -34
#NRSTART -38
#NSSTART -31
#MXYZ: 68 76 62
#LenXYZ: 68.000000 76.000000 62.000000
#abg: 90.000000 90.000000 90.000000
#crs: 1 2 3
#dmax,dmin, dmean, ispg: 88.145576 0.000000 5.503628 0
#orgXYZ: -41.204498 -26.311501 -55.198002
#little-endian mode
#Order Mode= 1
#Nvoxels= 320416
#Reading 32-bit mrc file
#XYZ dim: 68 76 62
#3orgXYZ: -41.204498 -26.311501 -55.198002
#width: 1.000000 1.000000 1.000000
#dmax= 52.810984 size=105
Nvox= 128*128*128
cent= 36.841000 2.639000 38.969000
ori= -27.159000 -61.361000 -25.031000
#dmax= 36.851052 size=73
Nvox= 96*96*96
cent= -7.204498 11.688499 -24.198002
ori= -55.204498 -36.311501 -72.197998
#Start VEC
#maxd= 32.000000
#End LDP
#MAP AVE= 59592.308579 STD= 19560981.682659 STD_norm= 5509440.768789
#Start VEC
#maxd= 32.000000
#End LDP
#MAP AVE= 54460.971174 STD= 9055739.679627 STD_norm= 3097967.435792
##PCC MODE##
#END malloc
#Make PLANs
#Array size= 128 * 128 * 128 = 2097152
#FIN PLANs
#Start Rot
# NumOfJobs= 7416
*65 T(A)={ 20.982 -6.945 27.805 } Overlap= 0.767167 CC= 0.934928 MTX={ 0.891161936 0.037941625 -0.452095950 -0.234861012 0.891161936 -0.388163136 0.388163136 0.452095950 0.803080612 } score=0.996092 cc_score=8716607127612817408.000000 ov_score=39269167104.000000 Q={ 0.947 0.222 -0.222 -0.072 } Tran={ 17 5 13 } 
*55 T(A)={ 20.215 -6.630 25.517 } Overlap= 0.832452 CC= 0.927265 MTX={ 0.886147429 -0.428629736 -0.176122920 0.450342348 0.886147429 0.109245152 0.109245152 -0.176122920 0.978287388 } score=0.974791 cc_score=7937793354845126656.000000 ov_score=42605740032.000000 Q={ 0.968 -0.074 -0.074 0.227 } Tran={ 20 8 17 } 
*80 T(A)={ 19.074 -4.366 25.064 } Overlap= 0.739801 CC= 0.901575 MTX={ 0.803080612 0.388163136 0.452095950 -0.452095950 0.891161936 0.037941625 -0.388163136 -0.234861012 0.891161936 } score=0.950623 cc_score=8860288008595701760.000000 ov_score=37838905344.000000 Q={ 0.947 -0.072 0.222 -0.222 } Tran={ 20 3 16 } 
*15 T(A)={ 18.165 -4.078 22.699 } Overlap= 0.777427 CC= 0.924141 MTX={ 0.954890133 0.045109867 0.293513150 0.045109867 0.954890133 -0.293513150 -0.293513150 0.293513150 0.909780266 } score=0.983175 cc_score=9203845809857101824.000000 ov_score=39812333568.000000 Q={ 0.977 0.150 0.150 0.000 } Tran={ 22 3 17 } 
*75 T(A)={ 18.689 -5.061 26.820 } Overlap= 0.790990 CC= 0.922846 MTX={ 0.891161936 -0.452095950 -0.037941625 0.388163136 0.803080612 -0.452095950 0.234861012 0.388163136 0.891161936 } score=0.985174 cc_score=8845627120550936576.000000 ov_score=40468742144.000000 Q={ 0.947 0.222 -0.072 0.222 } Tran={ 22 5 14 } 
*85 T(A)={ 17.840 -5.439 26.596 } Overlap= 0.771682 CC= 0.914857 MTX={ 0.811386984 -0.496713890 -0.308100874 0.308100874 0.811386984 -0.496713890 0.496713890 0.308100874 0.811386984 } score=0.988029 cc_score=8748589721841565696.000000 ov_score=39466303488.000000 Q={ 0.927 0.217 -0.217 0.217 } Tran={ 22 5 15 } 
*25 T(A)={ 47.692 -14.287 61.644 } Overlap= 0.735263 CC= 0.908526 MTX={ 0.954890133 0.293513150 0.045109867 -0.293513150 0.909780266 0.293513150 0.045109867 -0.293513150 0.954890133 } score=0.974948 cc_score=8488766328105074688.000000 ov_score=37562085376.000000 Q={ 0.977 -0.150 0.000 -0.150 } Tran={ 119 14 109 } 
*20 T(A)={ 19.125 -4.490 22.635 } Overlap= 0.820294 CC= 0.918248 MTX={ 0.909780266 -0.293513150 0.293513150 0.293513150 0.954890133 0.045109867 -0.293513150 0.045109867 0.954890133 } score=0.996233 cc_score=7866081007458320384.000000 ov_score=41976594432.000000 Q={ 0.977 0.000 0.150 0.150 } Tran={ 22 5 18 } 
*90 T(A)={ 21.683 -5.455 25.575 } Overlap= 0.731561 CC= 0.918397 MTX={ 0.811386984 0.496713890 -0.308100874 -0.308100874 0.811386984 0.496713890 0.496713890 -0.308100874 0.811386984 } score=0.986279 cc_score=8610662585206833152.000000 ov_score=37463519232.000000 Q={ 0.927 -0.217 -0.217 -0.217 } Tran={ 15 6 18 } 
*60 T(A)={ 19.146 -2.858 22.156 } Overlap= 0.735074 CC= 0.905880 MTX={ 0.891161936 -0.234861012 0.388163136 0.037941625 0.891161936 0.452095950 -0.452095950 -0.388163136 0.803080612 } score=0.980134 cc_score=8524730253937999872.000000 ov_score=37618712576.000000 Q={ 0.947 -0.222 0.222 0.072 } Tran={ 22 4 19 } 
*5 T(A)={ 19.447 -3.319 21.756 } Overlap= 0.750851 CC= 0.920644 MTX={ 0.977238847 0.160955336 0.138194183 -0.138194183 0.977238847 -0.160955336 -0.160955336 0.138194183 0.977238847 } score=0.974034 cc_score=8745247206493126656.000000 ov_score=38400942080.000000 Q={ 0.991 0.075 0.075 -0.075 } Tran={ 20 2 19 } 
*70 T(A)={ 19.473 -6.774 27.552 } Overlap= 0.791320 CC= 0.916335 MTX={ 0.803080612 -0.452095950 -0.388163136 0.388163136 0.891161936 -0.234861012 0.452095950 0.037941625 0.891161936 } score=0.962838 cc_score=7722587043452157952.000000 ov_score=40454062080.000000 Q={ 0.947 0.072 -0.222 0.222 } Tran={ 20 7 15 } 
*45 T(A)={ 20.165 -3.880 22.822 } Overlap= 0.748658 CC= 0.911747 MTX={ 0.886147429 0.450342348 0.109245152 -0.428629736 0.886147429 -0.176122920 -0.176122920 0.109245152 0.978287388 } score=0.970567 cc_score=8687302943709331456.000000 ov_score=38323351552.000000 Q={ 0.968 0.074 0.074 -0.227 } Tran={ 18 2 18 } 
*35 T(A)={ 18.424 -2.873 23.642 } Overlap= 0.789968 CC= 0.932591 MTX={ 0.978287388 -0.109245152 0.176122920 0.176122920 0.886147429 -0.428629736 -0.109245152 0.450342348 0.886147429 } score=0.996860 cc_score=9351579490699968512.000000 ov_score=40393244672.000000 Q={ 0.968 0.227 0.074 0.074 } Tran={ 22 2 16 } 
*50 T(A)={ 21.737 -6.283 28.019 } Overlap= 0.750287 CC= 0.932180 MTX={ 0.886147429 0.109245152 -0.450342348 -0.176122920 0.978287388 -0.109245152 0.428629736 0.176122920 0.886147429 } score=0.994155 cc_score=8741144378854080512.000000 ov_score=38405144576.000000 Q={ 0.968 0.074 -0.227 -0.074 } Tran={ 16 5 14 } 
*40 T(A)={ 48.715 -13.518 61.526 } Overlap= 0.737530 CC= 0.905257 MTX={ 0.978287388 0.109245152 0.176122920 -0.176122920 0.886147429 0.428629736 -0.109245152 -0.450342348 0.886147429 } score=0.967321 cc_score=8396331485069574144.000000 ov_score=37767610368.000000 Q={ 0.968 -0.227 0.074 -0.074 } Tran={ 119 14 109 } 
*0 T(A)={ 19.136 -5.060 24.207 } Overlap= 0.776571 CC= 0.925544 MTX={ 1.000000000 0.000000000 0.000000000 0.000000000 1.000000000 0.000000000 0.000000000 0.000000000 1.000000000 } score=0.995263 cc_score=8825443385599852544.000000 ov_score=39732637696.000000 Q={ 1.000 0.000 0.000 0.000 } Tran={ 20 4 17 } 
*30 T(A)={ 20.273 -6.681 25.205 } Overlap= 0.806158 CC= 0.932322 MTX={ 0.911769615 -0.242924655 -0.331155040 0.331155040 0.911769615 0.242924655 0.242924655 -0.331155040 0.911769615 } score=0.998251 cc_score=8938182360109678592.000000 ov_score=41236291584.000000 Q={ 0.966 -0.149 -0.149 0.149 } Tran={ 19 8 18 } 
*95 T(A)={ 48.260 -13.587 63.203 } Overlap= 0.743355 CC= 0.915476 MTX={ 0.814547320 0.580097031 0.000000000 -0.580097031 0.814547320 -0.000000000 -0.000000000 0.000000000 1.000000000 } score=0.964404 cc_score=8386002672838246400.000000 ov_score=38006685696.000000 Q={ 0.953 0.000 0.000 -0.305 } Tran={ 117 12 106 } 
*10 T(A)={ 21.144 -4.584 24.542 } Overlap= 0.767807 CC= 0.924308 MTX={ 1.000000000 -0.000000000 0.000000000 0.000000000 0.953849134 0.300286262 -0.000000000 -0.300286262 0.953849134 } score=0.994586 cc_score=8544675944621670400.000000 ov_score=39244005376.000000 Q={ 0.988 -0.152 0.000 0.000 } Tran={ 18 5 18 } 
*66 T(A)={ 21.536 -6.075 25.674 } Overlap= 0.734298 CC= 0.925944 MTX={ 0.891161936 0.234861012 -0.388163136 -0.037941625 0.891161936 0.452095950 0.452095950 -0.388163136 0.803080612 } score=0.974934 cc_score=8574887775373885440.000000 ov_score=37562089472.000000 Q={ 0.947 -0.222 -0.222 -0.072 } Tran={ 16 7 18 } 
*46 T(A)={ 20.705 -6.659 27.294 } Overlap= 0.763703 CC= 0.930848 MTX={ 0.886147429 -0.176122920 -0.428629736 0.109245152 0.978287388 -0.176122920 0.450342348 0.109245152 0.886147429 } score=0.991349 cc_score=8936163656761081856.000000 ov_score=39067844608.000000 Q={ 0.968 0.074 -0.227 0.074 } Tran={ 18 6 15 } 
*86 T(A)={ 19.752 -5.721 24.639 } Overlap= 0.799681 CC= 0.927230 MTX={ 0.811386984 -0.308100874 -0.496713890 0.496713890 0.811386984 0.308100874 0.308100874 -0.496713890 0.811386984 } score=0.994836 cc_score=8975234252698288128.000000 ov_score=40955281408.000000 Q={ 0.927 -0.217 -0.217 0.217 } Tran={ 19 8 19 } 
*76 T(A)={ 17.586 -4.467 22.262 } Overlap= 0.782342 CC= 0.914444 MTX={ 0.803080612 -0.452095950 0.388163136 0.388163136 0.891161936 0.234861012 -0.452095950 -0.037941625 0.891161936 } score=0.987256 cc_score=8653417094852902912.000000 ov_score=40063991808.000000 Q={ 0.947 -0.072 0.222 0.222 } Tran={ 24 6 18 } 
*81 T(A)={ 46.779 -12.793 62.308 } Overlap= 0.713788 CC= 0.911409 MTX={ 0.891161936 0.452095950 -0.037941625 -0.388163136 0.803080612 0.452095950 0.234861012 -0.388163136 0.891161936 } score=0.967394 cc_score=8928773289354985472.000000 ov_score=36490444800.000000 Q={ 0.947 -0.222 -0.072 -0.222 } Tran={ 119 13 109 } 
*16 T(A)={ 19.452 -2.722 23.578 } Overlap= 0.756965 CC= 0.907369 MTX={ 0.954890133 -0.045109867 0.293513150 -0.045109867 0.954890133 0.293513150 -0.293513150 -0.293513150 0.909780266 } score=0.982346 cc_score=8135124905705340928.000000 ov_score=38805700608.000000 Q={ 0.977 -0.150 0.150 0.000 } Tran={ 21 3 18 } 
*21 T(A)={ 20.462 -4.878 23.533 } Overlap= 0.745980 CC= 0.920186 MTX={ 0.954890133 0.293513150 -0.045109867 -0.293513150 0.909780266 -0.293513150 -0.045109867 0.293513150 0.954890133 } score=0.975452 cc_score=8453091024074440704.000000 ov_score=38140899328.000000 Q={ 0.977 0.150 0.000 -0.150 } Tran={ 18 3 17 } 
*26 T(A)={ 21.647 -5.108 26.251 } Overlap= 0.738108 CC= 0.924746 MTX={ 0.909780266 0.293513150 -0.293513150 -0.293513150 0.954890133 0.045109867 0.293513150 0.045109867 0.954890133 } score=0.991931 cc_score=8647933280609370112.000000 ov_score=37780189184.000000 Q={ 0.977 0.000 -0.150 -0.150 } Tran={ 16 4 16 } 
*91 T(A)={ 19.136 -4.551 25.351 } Overlap= 0.767441 CC= 0.931841 MTX={ 1.000000000 0.000000000 0.000000000 0.000000000 0.814547320 -0.580097031 0.000000000 0.580097031 0.814547320 } score=0.984143 cc_score=8727598945355694080.000000 ov_score=39288045568.000000 Q={ 0.953 0.305 0.000 0.000 } Tran={ 20 3 14 } 
*56 T(A)={ 19.192 -2.692 23.769 } Overlap= 0.749816 CC= 0.902470 MTX={ 0.886147429 0.109245152 0.450342348 -0.176122920 0.978287388 0.109245152 -0.428629736 -0.176122920 0.886147429 } score=0.961051 cc_score=8526638456368005120.000000 ov_score=38396755968.000000 Q={ 0.968 -0.074 0.227 -0.074 } Tran={ 21 2 17 } 
*36 T(A)={ 19.438 -3.670 23.274 } Overlap= 0.760582 CC= 0.919417 MTX={ 0.978287388 -0.176122920 0.109245152 0.109245152 0.886147429 0.450342348 -0.176122920 -0.428629736 0.886147429 } score=0.989988 cc_score=8427836891251867648.000000 ov_score=38927331328.000000 Q={ 0.968 -0.227 0.074 0.074 } Tran={ 21 5 19 } 
*51 T(A)={ 20.449 -5.490 26.795 } Overlap= 0.820026 CC= 0.921072 MTX={ 0.886147429 -0.450342348 -0.109245152 0.428629736 0.886147429 -0.176122920 0.176122920 0.109245152 0.978287388 } score=0.964196 cc_score=7640104429915471872.000000 ov_score=41957720064.000000 Q={ 0.968 0.074 -0.074 0.227 } Tran={ 20 6 15 } 
*61 T(A)={ 19.025 -5.345 27.190 } Overlap= 0.754336 CC= 0.924538 MTX={ 0.891161936 -0.234861012 -0.388163136 0.037941625 0.891161936 -0.452095950 0.452095950 0.388163136 0.803080612 } score=0.976989 cc_score=8725568697135005696.000000 ov_score=38579208192.000000 Q={ 0.947 0.222 -0.222 0.072 } Tran={ 20 4 14 } 
*41 T(A)={ 20.742 -6.862 27.254 } Overlap= 0.768320 CC= 0.930935 MTX={ 0.978287388 0.109245152 -0.176122920 -0.176122920 0.886147429 -0.428629736 0.109245152 0.450342348 0.886147429 } score=0.991196 cc_score=8520531219031523328.000000 ov_score=39315308544.000000 Q={ 0.968 0.227 -0.074 -0.074 } Tran={ 18 5 13 } 
*6 T(A)={ 20.585 -4.546 23.774 } Overlap= 0.746260 CC= 0.915723 MTX={ 0.977238847 0.138194183 0.160955336 -0.160955336 0.977238847 0.138194183 -0.138194183 -0.160955336 0.977238847 } score=0.975073 cc_score=8613548253473931264.000000 ov_score=38184939520.000000 Q={ 0.991 -0.075 0.075 -0.075 } Tran={ 19 4 18 } 
*71 T(A)={ 19.880 -5.629 23.991 } Overlap= 0.782218 CC= 0.931696 MTX={ 0.891161936 -0.452095950 0.037941625 0.388163136 0.803080612 0.452095950 -0.234861012 -0.388163136 0.891161936 } score=0.992516 cc_score=8896831377056464896.000000 ov_score=39982194688.000000 Q={ 0.947 -0.222 0.072 0.222 } Tran={ 21 8 18 } 
*31 T(A)={ 19.992 -1.870 21.760 } Overlap= 0.741562 CC= 0.916638 MTX={ 0.911769615 0.331155040 0.242924655 -0.242924655 0.911769615 -0.331155040 -0.331155040 0.242924655 0.911769615 } score=0.956693 cc_score=8842369267597836288.000000 ov_score=37922799616.000000 Q={ 0.966 0.149 0.149 -0.149 } Tran={ 19 0 18 } 
*1 T(A)={ 19.457 -5.422 24.755 } Overlap= 0.803042 CC= 0.928656 MTX={ 0.977238847 -0.138194183 0.160955336 0.160955336 0.977238847 -0.138194183 -0.138194183 0.160955336 0.977238847 } score=0.992611 cc_score=9014207541856436224.000000 ov_score=41076916224.000000 Q={ 0.991 0.075 0.075 0.075 } Tran={ 21 5 16 } 
*67 T(A)={ 19.216 -3.722 24.863 } Overlap= 0.824265 CC= 0.929865 MTX={ 0.891161936 -0.388163136 0.234861012 0.452095950 0.803080612 -0.388163136 -0.037941625 0.452095950 0.891161936 } score=0.987749 cc_score=8633764424018034688.000000 ov_score=42188398592.000000 Q={ 0.947 0.222 0.072 0.222 } Tran={ 22 4 15 } 
*47 T(A)={ 18.051 -4.526 22.504 } Overlap= 0.813371 CC= 0.922458 MTX={ 0.886147429 -0.450342348 0.109245152 0.428629736 0.886147429 0.176122920 -0.176122920 -0.109245152 0.978287388 } score=0.989114 cc_score=8600251309603422208.000000 ov_score=41613787136.000000 Q={ 0.968 -0.074 0.074 0.227 } Tran={ 23 6 19 } 
*87 T(A)={ 19.331 -2.197 20.821 } Overlap= 0.728580 CC= 0.906975 MTX={ 0.811386984 0.496713890 0.308100874 -0.308100874 0.811386984 -0.496713890 -0.496713890 0.308100874 0.811386984 } score=0.930450 cc_score=8687299645174448128.000000 ov_score=37199282176.000000 Q={ 0.927 0.217 0.217 -0.217 } Tran={ 19 0 18 } 
*11 T(A)={ 20.477 -5.558 25.210 } Overlap= 0.831850 CC= 0.931273 MTX={ 0.953849134 -0.300286262 0.000000000 0.300286262 0.953849134 0.000000000 0.000000000 0.000000000 1.000000000 } score=0.994994 cc_score=8635151457936474112.000000 ov_score=42547011584.000000 Q={ 0.988 0.000 0.000 0.152 } Tran={ 20 6 16 } 
*96 T(A)={ 21.527 -6.056 26.805 } Overlap= 0.734695 CC= 0.926337 MTX={ 0.814547320 -0.000000000 -0.580097031 0.000000000 1.000000000 -0.000000000 0.580097031 0.000000000 0.814547320 } score=0.977774 cc_score=8702552620230770688.000000 ov_score=37650165760.000000 Q={ 0.953 0.000 -0.305 0.000 } Tran={ 16 5 16 } 
*77 T(A)={ 21.452 -6.253 26.075 } Overlap= 0.771565 CC= 0.927748 MTX={ 0.891161936 0.388163136 -0.234861012 -0.452095950 0.803080612 -0.388163136 0.037941625 0.452095950 0.891161936 } score=0.986292 cc_score=8731031620657610752.000000 ov_score=39504052224.000000 Q={ 0.947 0.222 -0.072 -0.222 } Tran={ 16 4 14 } 
*57 T(A)={ 21.573 -4.917 26.499 } Overlap= 0.736273 CC= 0.912055 MTX={ 0.886147429 0.450342348 -0.109245152 -0.428629736 0.886147429 0.176122920 0.176122920 -0.109245152 0.978287388 } score=0.974420 cc_score=8091631524245405696.000000 ov_score=37710983168.000000 Q={ 0.968 -0.074 -0.074 -0.227 } Tran={ 16 4 16 } 
*82 T(A)={ 21.574 -6.641 26.791 } Overlap= 0.743961 CC= 0.924150 MTX={ 0.803080612 0.452095950 -0.388163136 -0.388163136 0.891161936 0.234861012 0.452095950 -0.037941625 0.891161936 } score=0.989308 cc_score=8450645160458452992.000000 ov_score=38109442048.000000 Q={ 0.947 -0.072 -0.222 -0.222 } Tran={ 15 6 16 } 
*52 T(A)={ 20.055 -4.701 24.500 } Overlap= 0.770567 CC= 0.910224 MTX={ 0.886147429 -0.176122920 0.428629736 0.109245152 0.978287388 0.176122920 -0.450342348 -0.109245152 0.886147429 } score=0.987335 cc_score=8089498471687520256.000000 ov_score=39365636096.000000 Q={ 0.968 -0.074 0.227 0.074 } Tran={ 21 5 16 } 
*37 T(A)={ 17.849 -4.109 25.514 } Overlap= 0.768260 CC= 0.923494 MTX={ 0.978287388 -0.176122920 -0.109245152 0.109245152 0.886147429 -0.450342348 0.176122920 0.428629736 0.886147429 } score=0.992981 cc_score=8904454840927649792.000000 ov_score=39329984512.000000 Q={ 0.968 0.227 -0.074 0.074 } Tran={ 22 3 15 } 
*27 T(A)={ 19.076 -2.999 23.721 } Overlap= 0.837670 CC= 0.930430 MTX={ 0.911769615 -0.242924655 0.331155040 0.331155040 0.911769615 -0.242924655 -0.242924655 0.331155040 0.911769615 } score=0.991412 cc_score=8501488227394256896.000000 ov_score=42876272640.000000 Q={ 0.966 0.149 0.149 0.149 } Tran={ 22 3 16 } 
*22 T(A)={ 19.508 -6.716 26.558 } Overlap= 0.797761 CC= 0.928848 MTX={ 0.909780266 -0.293513150 -0.293513150 0.293513150 0.954890133 -0.045109867 0.293513150 -0.045109867 0.954890133 } score=0.993199 cc_score=8442351544250138624.000000 ov_score=40791699456.000000 Q={ 0.977 0.000 -0.150 0.150 } Tran={ 20 7 16 } 
*17 T(A)={ 20.852 -6.348 27.345 } Overlap= 0.767993 CC= 0.934391 MTX={ 0.954890133 -0.045109867 -0.293513150 -0.045109867 0.954890133 -0.293513150 0.293513150 0.293513150 0.909780266 } score=0.996446 cc_score=8900483954683936768.000000 ov_score=39250296832.000000 Q={ 0.977 0.150 -0.150 0.000 } Tran={ 18 5 14 } 
*7 T(A)={ 20.709 -5.314 25.519 } Overlap= 0.753394 CC= 0.927564 MTX={ 0.977238847 0.138194183 -0.160955336 -0.160955336 0.977238847 -0.138194183 0.138194183 0.160955336 0.977238847 } score=0.992334 cc_score=8758030128677650432.000000 ov_score=38518390784.000000 Q={ 0.991 0.075 -0.075 -0.075 } Tran={ 18 4 16 } 
*92 T(A)={ 20.139 -4.381 24.071 } Overlap= 0.746820 CC= 0.919938 MTX={ 1.000000000 -0.000000000 0.000000000 0.000000000 0.814547320 0.580097031 -0.000000000 -0.580097031 0.814547320 } score=0.978923 cc_score=8408493183184404480.000000 ov_score=38174457856.000000 Q={ 0.953 -0.305 0.000 0.000 } Tran={ 19 6 19 } 
*62 T(A)={ 21.197 -6.505 25.699 } Overlap= 0.764053 CC= 0.928843 MTX={ 0.891161936 -0.037941625 -0.452095950 0.234861012 0.891161936 0.388163136 0.388163136 -0.452095950 0.803080612 } score=0.978589 cc_score=8338411411541590016.000000 ov_score=39137050624.000000 Q={ 0.947 -0.222 -0.222 0.072 } Tran={ 17 8 18 } 
*72 T(A)={ 19.700 -2.955 23.018 } Overlap= 0.732385 CC= 0.902081 MTX={ 0.803080612 0.452095950 0.388163136 -0.388163136 0.891161936 -0.234861012 -0.452095950 0.037941625 0.891161936 } score=0.937982 cc_score=8719435071519457280.000000 ov_score=37471911936.000000 Q={ 0.947 0.072 0.222 -0.222 } Tran={ 19 1 17 } 
*68 T(A)={ 18.564 -1.035 20.576 } Overlap= 0.842297 CC= 0.919192 MTX={ 0.803080612 -0.388163136 0.452095950 0.452095950 0.891161936 -0.037941625 -0.388163136 0.234861012 0.891161936 } score=0.971795 cc_score=7481535061980872704.000000 ov_score=43157282816.000000 Q={ 0.947 0.072 0.222 0.222 } Tran={ 23 2 19 } 
*88 T(A)={ 46.507 -12.493 61.919 } Overlap= 0.752166 CC= 0.899867 MTX={ 0.811386984 0.308100874 0.496713890 -0.496713890 0.811386984 0.308100874 -0.308100874 -0.496713890 0.811386984 } score=0.946054 cc_score=8574739341304135680.000000 ov_score=38417723392.000000 Q={ 0.927 -0.217 0.217 -0.217 } Tran={ 121 12 108 } 
*48 T(A)={ 18.931 -1.269 20.791 } Overlap= 0.754961 CC= 0.909832 MTX={ 0.886147429 0.176122920 0.428629736 -0.109245152 0.978287388 -0.176122920 -0.450342348 0.109245152 0.886147429 } score=0.960442 cc_score=9050701432293949440.000000 ov_score=38619054080.000000 Q={ 0.968 0.074 0.227 -0.074 } Tran={ 21 0 19 } 
*32 T(A)={ 48.517 -14.519 60.853 } Overlap= 0.763004 CC= 0.903534 MTX={ 0.911769615 0.242924655 0.331155040 -0.331155040 0.911769615 0.242924655 -0.242924655 -0.331155040 0.911769615 } score=0.954931 cc_score=8076957442061107200.000000 ov_score=39038484480.000000 Q={ 0.966 -0.149 0.149 -0.149 } Tran={ 119 14 109 } 
*97 T(A)={ 18.970 -4.294 23.535 } Overlap= 0.768581 CC= 0.933389 MTX={ 0.958038693 0.087284223 0.273026166 0.087284223 0.818439030 -0.567925037 -0.273026166 0.567925037 0.776477724 } score=0.979525 cc_score=9323105438075453440.000000 ov_score=39338377216.000000 Q={ 0.942 0.301 0.145 0.000 } Tran={ 21 3 15 } 
*12 T(A)={ 19.325 -5.055 23.732 } Overlap= 0.772832 CC= 0.916938 MTX={ 0.953849134 0.000000000 0.300286262 0.000000000 1.000000000 0.000000000 -0.300286262 0.000000000 0.953849134 } score=0.981928 cc_score=8759642012723970048.000000 ov_score=39539699712.000000 Q={ 0.988 0.000 0.152 0.000 } Tran={ 21 4 17 } 
*42 T(A)={ 20.697 -5.267 25.255 } Overlap= 0.749795 CC= 0.922975 MTX={ 0.978287388 0.176122920 -0.109245152 -0.109245152 0.886147429 0.450342348 0.176122920 -0.428629736 0.886147429 } score=0.996578 cc_score=8755921815131389952.000000 ov_score=38348513280.000000 Q={ 0.968 -0.227 -0.074 -0.074 } Tran={ 18 6 18 } 
*83 T(A)={ 19.442 -2.441 22.761 } Overlap= 0.849539 CC= 0.931504 MTX={ 0.811386984 -0.308100874 0.496713890 0.496713890 0.811386984 -0.308100874 -0.308100874 0.496713890 0.811386984 } score=0.988388 cc_score=8291352313872777216.000000 ov_score=43444600832.000000 Q={ 0.927 0.217 0.217 0.217 } Tran={ 22 3 16 } 
*58 T(A)={ 21.587 -6.307 27.001 } Overlap= 0.731430 CC= 0.928792 MTX={ 0.886147429 0.176122920 -0.428629736 -0.109245152 0.978287388 0.176122920 0.450342348 -0.109245152 0.886147429 } score=0.984677 cc_score=8586925778430590976.000000 ov_score=37438357504.000000 Q={ 0.968 -0.074 -0.227 -0.074 } Tran={ 16 6 16 } 
*53 T(A)={ 21.470 -4.746 25.392 } Overlap= 0.752274 CC= 0.918627 MTX={ 0.886147429 0.428629736 -0.176122920 -0.450342348 0.886147429 -0.109245152 0.109245152 0.176122920 0.978287388 } score=0.985203 cc_score=8543877699179905024.000000 ov_score=38503710720.000000 Q={ 0.968 0.074 -0.074 -0.227 } Tran={ 16 3 16 } 
*38 T(A)={ 19.450 -4.527 24.136 } Overlap= 0.781614 CC= 0.929076 MTX={ 0.978287388 -0.109245152 -0.176122920 0.176122920 0.886147429 0.428629736 0.109245152 -0.450342348 0.886147429 } score=0.997054 cc_score=8745238410400104448.000000 ov_score=39975911424.000000 Q={ 0.968 -0.227 -0.074 0.074 } Tran={ 20 6 19 } 
*78 T(A)={ 20.092 -6.841 26.245 } Overlap= 0.801767 CC= 0.919587 MTX={ 0.803080612 -0.388163136 -0.452095950 0.452095950 0.891161936 0.037941625 0.388163136 -0.234861012 0.891161936 } score=0.956923 cc_score=7758598798040891392.000000 ov_score=41104179200.000000 Q={ 0.947 -0.072 -0.222 0.222 } Tran={ 19 8 17 } 
*2 T(A)={ 20.474 -5.653 24.638 } Overlap= 0.801904 CC= 0.925708 MTX={ 0.977238847 -0.160955336 0.138194183 0.138194183 0.977238847 0.160955336 -0.160955336 -0.138194183 0.977238847 } score=0.998216 cc_score=9007095350892167168.000000 ov_score=40986738688.000000 Q={ 0.991 -0.075 0.075 0.075 } Tran={ 20 6 17 } 
*28 T(A)={ 19.117 -5.670 23.300 } Overlap= 0.774351 CC= 0.919386 MTX={ 0.911769615 -0.331155040 0.242924655 0.242924655 0.911769615 0.331155040 -0.331155040 -0.242924655 0.911769615 } score=0.991927 cc_score=8599424476859334656.000000 ov_score=39596326912.000000 Q={ 0.966 -0.149 0.149 0.149 } Tran={ 22 7 18 } 
*63 T(A)={ 18.635 -3.562 22.666 } Overlap= 0.746519 CC= 0.921105 MTX={ 0.891161936 0.234861012 0.388163136 -0.037941625 0.891161936 -0.452095950 -0.452095950 0.388163136 0.803080612 } score=0.949672 cc_score=8893487762196398080.000000 ov_score=38224789504.000000 Q={ 0.947 0.222 0.222 -0.072 } Tran={ 21 2 16 } 
*73 T(A)={ 47.753 -13.108 62.739 } Overlap= 0.752356 CC= 0.915072 MTX={ 0.891161936 0.388163136 0.234861012 -0.452095950 0.803080612 0.388163136 -0.037941625 -0.452095950 0.891161936 } score=0.962122 cc_score=9350868106676797440.000000 ov_score=38507905024.000000 Q={ 0.947 -0.222 0.072 -0.222 } Tran={ 119 13 108 } 
*18 T(A)={ 20.555 -6.471 26.213 } Overlap= 0.756445 CC= 0.930485 MTX={ 0.954890133 0.045109867 -0.293513150 0.045109867 0.954890133 0.293513150 0.293513150 -0.293513150 0.909780266 } score=0.993592 cc_score=8614844577683079168.000000 ov_score=38767951872.000000 Q={ 0.977 -0.150 -0.150 0.000 } Tran={ 18 7 17 } 
*8 T(A)={ 20.682 -4.438 24.537 } Overlap= 0.744722 CC= 0.924349 MTX={ 0.977238847 0.160955336 -0.138194183 -0.138194183 0.977238847 0.160955336 0.160955336 -0.138194183 0.977238847 } score=0.997071 cc_score=8735701246540775424.000000 ov_score=38096863232.000000 Q={ 0.991 -0.075 -0.075 -0.075 } Tran={ 18 4 18 } 
*93 T(A)={ 17.984 -3.352 23.207 } Overlap= 0.836096 CC= 0.923448 MTX={ 0.814547320 -0.580097031 0.000000000 0.580097031 0.814547320 0.000000000 0.000000000 0.000000000 1.000000000 } score=0.970776 cc_score=7781557700340482048.000000 ov_score=42737856512.000000 Q={ 0.953 0.000 0.000 0.305 } Tran={ 23 5 18 } 
*49 T(A)={ 47.432 -14.155 61.911 } Overlap= 0.749682 CC= 0.910938 MTX={ 0.886147429 0.428629736 0.176122920 -0.450342348 0.886147429 0.109245152 -0.109245152 -0.176122920 0.978287388 } score=0.964028 cc_score=8473045510851133440.000000 ov_score=38338035712.000000 Q={ 0.968 -0.074 0.074 -0.227 } Tran={ 119 13 108 } 
*69 T(A)={ 20.977 -2.258 22.505 } Overlap= 0.746954 CC= 0.916024 MTX={ 0.891161936 0.452095950 0.037941625 -0.388163136 0.803080612 -0.452095950 -0.234861012 0.388163136 0.891161936 } score=0.959499 cc_score=8777850475035754496.000000 ov_score=38189137920.000000 Q={ 0.947 0.222 0.072 -0.222 } Tran={ 17 0 17 } 
*89 T(A)={ 20.757 -6.187 26.470 } Overlap= 0.777878 CC= 0.937942 MTX={ 0.811386984 0.308100874 -0.496713890 -0.496713890 0.811386984 -0.308100874 0.308100874 0.496713890 0.811386984 } score=0.998136 cc_score=9038949852016279552.000000 ov_score=39791357952.000000 Q={ 0.927 0.217 -0.217 -0.217 } Tran={ 16 4 14 } 
*23 T(A)={ 20.309 -5.630 24.389 } Overlap= 0.826398 CC= 0.933105 MTX={ 0.954890133 -0.293513150 -0.045109867 0.293513150 0.909780266 0.293513150 -0.045109867 -0.293513150 0.954890133 } score=0.996967 cc_score=9195010684172107776.000000 ov_score=42358272000.000000 Q={ 0.977 -0.150 0.000 0.150 } Tran={ 20 7 18 } 
*98 T(A)={ 18.560 -3.666 24.159 } Overlap= 0.730671 CC= 0.908836 MTX={ 0.958038693 -0.087284223 0.273026166 -0.087284223 0.818439030 0.567925037 -0.273026166 -0.567925037 0.776477724 } score=0.959464 cc_score=8237010051181576192.000000 ov_score=37379633152.000000 Q={ 0.942 -0.301 0.145 0.000 } Tran={ 22 5 18 } 
*29 T(A)={ 19.774 -5.514 27.618 } Overlap= 0.786794 CC= 0.925683 MTX={ 0.911769615 -0.331155040 -0.242924655 0.242924655 0.911769615 -0.331155040 0.331155040 0.242924655 0.911769615 } score=0.990561 cc_score=9216492392599781376.000000 ov_score=40282091520.000000 Q={ 0.966 0.149 -0.149 0.149 } Tran={ 20 5 14 } 
*79 T(A)={ 20.959 -6.581 25.956 } Overlap= 0.822770 CC= 0.937043 MTX={ 0.891161936 -0.388163136 -0.234861012 0.452095950 0.803080612 0.388163136 0.037941625 -0.452095950 0.891161936 } score=0.997631 cc_score=9151872444967944192.000000 ov_score=42117099520.000000 Q={ 0.947 -0.222 -0.072 0.222 } Tran={ 19 9 17 } 
*54 T(A)={ 21.437 -6.691 27.161 } Overlap= 0.758893 CC= 0.928567 MTX={ 0.886147429 -0.109245152 -0.450342348 0.176122920 0.978287388 0.109245152 0.428629736 -0.176122920 0.886147429 } score=0.982747 cc_score=8355646806062792704.000000 ov_score=38879096832.000000 Q={ 0.968 -0.074 -0.227 0.074 } Tran={ 17 7 16 } 
*43 T(A)={ 19.169 -3.246 23.776 } Overlap= 0.850977 CC= 0.924210 MTX={ 0.886147429 -0.428629736 0.176122920 0.450342348 0.886147429 -0.109245152 -0.109245152 0.176122920 0.978287388 } score=0.954780 cc_score=7053843180717867008.000000 ov_score=43543166976.000000 Q={ 0.968 0.074 0.074 0.227 } Tran={ 22 4 17 } 
*59 T(A)={ 18.688 -3.598 22.627 } Overlap= 0.791489 CC= 0.930066 MTX={ 0.891161936 -0.037941625 0.452095950 0.234861012 0.891161936 -0.388163136 -0.388163136 0.452095950 0.803080612 } score=0.990392 cc_score=9318385234657411072.000000 ov_score=40567304192.000000 Q={ 0.947 0.222 0.222 0.072 } Tran={ 22 3 16 } 
*3 T(A)={ 19.710 -5.548 26.649 } Overlap= 0.789666 CC= 0.932600 MTX={ 0.977238847 -0.160955336 -0.138194183 0.138194183 0.977238847 -0.160955336 0.160955336 0.138194183 0.977238847 } score=0.995304 cc_score=9088156845649952768.000000 ov_score=40382758912.000000 Q={ 0.991 0.075 -0.075 0.075 } Tran={ 20 5 15 } 
*19 T(A)={ 19.550 -4.277 25.767 } Overlap= 0.818424 CC= 0.929429 MTX={ 0.954890133 -0.293513150 0.045109867 0.293513150 0.909780266 -0.293513150 0.045109867 0.293513150 0.954890133 } score=0.991015 cc_score=9073529492709834752.000000 ov_score=41884315648.000000 Q={ 0.977 0.150 0.000 0.150 } Tran={ 21 4 15 } 
*64 T(A)={ 19.455 -3.820 24.528 } Overlap= 0.736706 CC= 0.902030 MTX={ 0.891161936 0.037941625 0.452095950 -0.234861012 0.891161936 0.388163136 -0.388163136 -0.452095950 0.803080612 } score=0.946129 cc_score=8177122951351500800.000000 ov_score=37683724288.000000 Q={ 0.947 -0.222 0.222 -0.072 } Tran={ 21 4 17 } 
*84 T(A)={ 19.546 -4.733 23.792 } Overlap= 0.743601 CC= 0.916682 MTX={ 0.811386984 -0.496713890 0.308100874 0.308100874 0.811386984 0.496713890 -0.496713890 -0.308100874 0.811386984 } score=0.983576 cc_score=8584576671837847552.000000 ov_score=37958447104.000000 Q={ 0.927 -0.217 0.217 0.217 } Tran={ 22 7 17 } 
*74 T(A)={ 21.599 -5.587 26.742 } Overlap= 0.752683 CC= 0.929435 MTX={ 0.803080612 0.388163136 -0.452095950 -0.452095950 0.891161936 -0.037941625 0.388163136 0.234861012 0.891161936 } score=0.995844 cc_score=8735758421145419776.000000 ov_score=38530969600.000000 Q={ 0.947 0.072 -0.222 -0.222 } Tran={ 15 4 15 } 
*9 T(A)={ 19.126 -5.237 25.628 } Overlap= 0.768128 CC= 0.928881 MTX={ 1.000000000 0.000000000 0.000000000 0.000000000 0.953849134 -0.300286262 0.000000000 0.300286262 0.953849134 } score=0.992725 cc_score=8900395443997900800.000000 ov_score=39342571520.000000 Q={ 0.988 0.152 0.000 0.000 } Tran={ 20 4 15 } 
*33 T(A)={ 20.710 -5.881 26.073 } Overlap= 0.759752 CC= 0.931754 MTX={ 0.911769615 0.242924655 -0.331155040 -0.331155040 0.911769615 -0.242924655 0.242924655 0.331155040 0.911769615 } score=0.996279 cc_score=8833216932808228864.000000 ov_score=38883291136.000000 Q={ 0.966 0.149 -0.149 -0.149 } Tran={ 17 4 15 } 
*39 T(A)={ 19.307 -5.723 24.540 } Overlap= 0.759987 CC= 0.926059 MTX={ 0.978287388 0.176122920 0.109245152 -0.109245152 0.886147429 -0.450342348 -0.176122920 0.428629736 0.886147429 } score=0.976341 cc_score=8843117485260537856.000000 ov_score=38860226560.000000 Q={ 0.968 0.227 0.074 -0.074 } Tran={ 20 4 15 } 
*100 T(A)={ 20.510 -5.173 24.671 } Overlap= 0.756132 CC= 0.927086 MTX={ 0.958038693 0.087284223 -0.273026166 0.087284223 0.818439030 0.567925037 0.273026166 -0.567925037 0.776477724 } score=0.990339 cc_score=8732641305680674816.000000 ov_score=38663094272.000000 Q={ 0.942 -0.301 -0.145 0.000 } Tran={ 18 7 19 } 
*13 T(A)={ 20.561 -4.246 23.205 } Overlap= 0.742524 CC= 0.916776 MTX={ 0.953849134 0.300286262 0.000000000 -0.300286262 0.953849134 -0.000000000 -0.000000000 0.000000000 1.000000000 } score=0.981615 cc_score=8496852136615739392.000000 ov_score=37962645504.000000 Q={ 0.988 0.000 0.000 -0.152 } Tran={ 18 3 18 } 
*105 T(A)={ 18.700 -5.522 24.221 } Overlap= 0.802418 CC= 0.931182 MTX={ 0.818439030 -0.567925037 -0.087284223 0.567925037 0.776477724 0.273026166 -0.087284223 -0.273026166 0.958038693 } score=0.990358 cc_score=8921788641739538432.000000 ov_score=41060130816.000000 Q={ 0.942 -0.145 0.000 0.301 } Tran={ 22 8 18 } 
*110 T(A)={ 20.850 -6.425 27.810 } Overlap= 0.749549 CC= 0.930336 MTX={ 0.818439030 -0.087284223 -0.567925037 -0.087284223 0.958038693 -0.273026166 0.567925037 0.273026166 0.776477724 } score=0.978869 cc_score=8778229806547337216.000000 ov_score=38317056000.000000 Q={ 0.942 0.145 -0.301 0.000 } Tran={ 17 5 14 } 
*94 T(A)={ 19.697 -4.057 23.587 } Overlap= 0.759653 CC= 0.906012 MTX={ 0.814547320 0.000000000 0.580097031 0.000000000 1.000000000 0.000000000 -0.580097031 0.000000000 0.814547320 } score=0.970560 cc_score=8707580686904590336.000000 ov_score=38948306944.000000 Q={ 0.953 0.000 0.305 0.000 } Tran={ 21 3 16 } 
*24 T(A)={ 19.247 -4.354 23.909 } Overlap= 0.737099 CC= 0.908962 MTX={ 0.909780266 0.293513150 0.293513150 -0.293513150 0.954890133 -0.045109867 -0.293513150 -0.045109867 0.954890133 } score=0.959641 cc_score=8744509983946702848.000000 ov_score=37713080320.000000 Q={ 0.977 0.000 0.150 -0.150 } Tran={ 20 3 17 } 
*99 T(A)={ 21.050 -6.778 28.026 } Overlap= 0.765902 CC= 0.929749 MTX={ 0.958038693 -0.087284223 -0.273026166 -0.087284223 0.818439030 -0.567925037 0.273026166 0.567925037 0.776477724 } score=0.981877 cc_score=8305323808126926848.000000 ov_score=39164309504.000000 Q={ 0.942 0.301 -0.145 0.000 } Tran={ 18 5 12 } 
*115 T(A)={ 45.946 -12.790 62.104 } Overlap= 0.747031 CC= 0.906306 MTX={ 0.776477724 0.567925037 0.273026166 -0.567925037 0.818439030 -0.087284223 -0.273026166 -0.087284223 0.958038693 } score=0.950979 cc_score=8815363612752216064.000000 ov_score=38254149632.000000 Q={ 0.942 0.000 0.145 -0.301 } Tran={ 120 11 107 } 
*125 T(A)={ 18.758 -4.011 23.460 } Overlap= 0.746706 CC= 0.925168 MTX={ 0.917801963 0.352906079 0.181925034 -0.181925034 0.781071200 -0.597353074 -0.352906079 0.515155037 0.781071200 } score=0.956971 cc_score=9011004664484724736.000000 ov_score=38151380992.000000 Q={ 0.933 0.298 0.143 -0.143 } Tran={ 20 2 15 } 
*135 T(A)={ 47.337 -13.013 62.087 } Overlap= 0.777026 CC= 0.915868 MTX={ 0.781071200 0.515155037 0.352906079 -0.597353074 0.781071200 0.181925034 -0.181925034 -0.352906079 0.917801963 } score=0.961897 cc_score=9185195893626765312.000000 ov_score=39764090880.000000 Q={ 0.933 -0.143 0.143 -0.298 } Tran={ 119 12 108 } 
*44 T(A)={ 18.886 -4.295 22.638 } Overlap= 0.805250 CC= 0.917149 MTX={ 0.886147429 -0.109245152 0.450342348 0.176122920 0.978287388 -0.109245152 -0.428629736 0.176122920 0.886147429 } score=0.994980 cc_score=8375004258025603072.000000 ov_score=41171283968.000000 Q={ 0.968 0.074 0.227 0.074 } Tran={ 22 4 17 } 
*140 T(A)={ 18.969 -4.817 23.680 } Overlap= 0.768049 CC= 0.914134 MTX={ 0.781071200 -0.181925034 -0.597353074 0.352906079 0.917801963 0.181925034 0.515155037 -0.352906079 0.781071200 } score=0.981455 cc_score=8459318657934163968.000000 ov_score=39332085760.000000 Q={ 0.933 -0.143 -0.298 0.143 } Tran={ 19 6 20 } 
*120 T(A)={ 47.879 -13.052 62.283 } Overlap= 0.733519 CC= 0.910313 MTX={ 0.958038693 0.273026166 0.087284223 -0.273026166 0.776477724 0.567925037 0.087284223 -0.567925037 0.818439030 } score=0.974403 cc_score=9417708518040928256.000000 ov_score=37568380928.000000 Q={ 0.942 -0.301 0.000 -0.145 } Tran={ 119 14 109 } 
*4 T(A)={ 19.580 -5.666 24.552 } Overlap= 0.798793 CC= 0.930968 MTX={ 0.977238847 -0.138194183 -0.160955336 0.160955336 0.977238847 0.138194183 0.138194183 -0.160955336 0.977238847 } score=0.999615 cc_score=8929235633994465280.000000 ov_score=40821059584.000000 Q={ 0.991 -0.075 -0.075 0.075 } Tran={ 20 6 18 } 
*155 T(A)={ 47.944 -13.519 61.408 } Overlap= 0.760123 CC= 0.921029 MTX={ 0.830285124 0.530870587 0.169714876 -0.530870587 0.660570249 0.530870587 0.169714876 -0.530870587 0.830285124 } score=0.982654 cc_score=9366856105256288256.000000 ov_score=38895874048.000000 Q={ 0.911 -0.291 0.000 -0.291 } Tran={ 118 14 110 } 
*150 T(A)={ 18.842 -3.099 21.228 } Overlap= 0.803878 CC= 0.917335 MTX={ 0.660570249 -0.530870587 0.530870587 0.530870587 0.830285124 0.169714876 -0.530870587 0.169714876 0.830285124 } score=0.987916 cc_score=8408056127312363520.000000 ov_score=41123045376.000000 Q={ 0.911 0.000 0.291 0.291 } Tran={ 23 5 18 } 
*101 T(A)={ 17.197 -2.987 25.957 } Overlap= 0.844847 CC= 0.922477 MTX={ 0.818439030 -0.567925037 0.087284223 0.567925037 0.776477724 -0.273026166 0.087284223 0.273026166 0.958038693 } score=0.971654 cc_score=7403994203455225856.000000 ov_score=43291508736.000000 Q={ 0.942 0.145 0.000 0.301 } Tran={ 24 4 15 } 
*130 T(A)={ 19.238 -1.819 21.538 } Overlap= 0.830302 CC= 0.919593 MTX={ 0.781071200 -0.181925034 0.597353074 0.352906079 0.917801963 -0.181925034 -0.515155037 0.352906079 0.781071200 } score=0.979992 cc_score=7868763815830093824.000000 ov_score=42500882432.000000 Q={ 0.933 0.143 0.298 0.143 } Tran={ 22 2 17 } 
*34 T(A)={ 21.667 -6.038 26.184 } Overlap= 0.736178 CC= 0.922895 MTX={ 0.911769615 0.331155040 -0.242924655 -0.242924655 0.911769615 0.331155040 0.331155040 -0.242924655 0.911769615 } score=0.993919 cc_score=8602146867649708032.000000 ov_score=37669044224.000000 Q={ 0.966 -0.149 -0.149 -0.149 } Tran={ 16 6 17 } 
*106 T(A)={ 18.694 -1.417 21.900 } Overlap= 0.745314 CC= 0.897170 MTX={ 0.776477724 0.273026166 0.567925037 -0.273026166 0.958038693 -0.087284223 -0.567925037 -0.087284223 0.818439030 } score=0.945531 cc_score=8768645363688013824.000000 ov_score=38111543296.000000 Q={ 0.942 0.000 0.301 -0.145 } Tran={ 21 0 18 } 
*170 T(A)={ 44.978 -14.267 60.201 } Overlap= 0.748126 CC= 0.888048 MTX={ 0.667098695 0.600679905 0.440639456 -0.440639456 0.795080070 -0.416754895 -0.600679905 0.083853591 0.795080070 } score=0.904932 cc_score=7705666109256499200.000000 ov_score=38302384128.000000 Q={ 0.902 0.139 0.288 -0.288 } Tran={ 121 12 107 } 
*165 T(A)={ 18.618 -3.041 24.015 } Overlap= 0.833702 CC= 0.933725 MTX={ 0.795080070 -0.440639456 0.416754895 0.600679905 0.667098695 -0.440639456 -0.083853591 0.600679905 0.795080070 } score=0.984509 cc_score=9164801602198962176.000000 ov_score=42685423616.000000 Q={ 0.902 0.288 0.139 0.288 } Tran={ 23 4 15 } 
*111 T(A)={ 18.962 -1.921 22.380 } Overlap= 0.747706 CC= 0.898159 MTX={ 0.818439030 -0.087284223 0.567925037 -0.087284223 0.958038693 0.273026166 -0.567925037 -0.273026166 0.776477724 } score=0.970860 cc_score=8181528694443999232.000000 ov_score=38279315456.000000 Q={ 0.942 -0.145 0.301 0.000 } Tran={ 22 2 18 } 
*175 T(A)={ 21.503 -6.378 26.457 } Overlap= 0.799467 CC= 0.936266 MTX={ 0.795080070 0.440639456 -0.416754895 -0.600679905 0.667098695 -0.440639456 0.083853591 0.600679905 0.795080070 } score=1.000000 cc_score=9126305501087268864.000000 ov_score=40875581440.000000 Q={ 0.902 0.288 -0.139 -0.288 } Tran={ 15 4 13 } 
*160 T(A)={ 18.696 -4.534 22.940 } Overlap= 0.760531 CC= 0.918533 MTX={ 0.795080070 -0.083853591 -0.600679905 0.416754895 0.795080070 0.440639456 0.440639456 -0.600679905 0.667098695 } score=0.993104 cc_score=9175370657720958976.000000 ov_score=38962987008.000000 Q={ 0.902 -0.288 -0.288 0.139 } Tran={ 19 7 21 } 
*145 T(A)={ 19.075 -3.008 22.586 } Overlap= 0.750779 CC= 0.925035 MTX={ 0.830285124 0.169714876 0.530870587 0.169714876 0.830285124 -0.530870587 -0.530870587 0.530870587 0.660570249 } score=0.943160 cc_score=8987723605278195712.000000 ov_score=38424018944.000000 Q={ 0.911 0.291 0.291 0.000 } Tran={ 21 2 15 } 
*116 T(A)={ 20.154 -4.542 24.772 } Overlap= 0.776872 CC= 0.930579 MTX={ 0.958038693 -0.273026166 -0.087284223 0.273026166 0.776477724 0.567925037 -0.087284223 -0.567925037 0.818439030 } score=0.989852 cc_score=8721220678402965504.000000 ov_score=39772487680.000000 Q={ 0.942 -0.301 0.000 0.145 } Tran={ 20 7 18 } 
*180 T(A)={ 21.557 -5.996 26.088 } Overlap= 0.746701 CC= 0.920231 MTX={ 0.667098695 0.600679905 -0.440639456 -0.440639456 0.795080070 0.416754895 0.600679905 -0.083853591 0.795080070 } score=0.979898 cc_score=8373185665793261568.000000 ov_score=38205911040.000000 Q={ 0.902 -0.139 -0.288 -0.288 } Tran={ 14 6 17 } 
*136 T(A)={ 21.805 -5.784 27.416 } Overlap= 0.753458 CC= 0.932277 MTX={ 0.781071200 0.181925034 -0.597353074 -0.352906079 0.917801963 -0.181925034 0.515155037 0.352906079 0.781071200 } score=0.994958 cc_score=8831232314320093184.000000 ov_score=38499512320.000000 Q={ 0.933 0.143 -0.298 -0.143 } Tran={ 15 4 14 } 
*141 T(A)={ 18.699 -5.698 25.114 } Overlap= 0.808344 CC= 0.924196 MTX={ 0.781071200 -0.515155037 -0.352906079 0.597353074 0.781071200 0.181925034 0.181925034 -0.352906079 0.917801963 } score=0.968773 cc_score=8246434515099058176.000000 ov_score=41404071936.000000 Q={ 0.933 -0.143 -0.143 0.298 } Tran={ 21 8 18 } 
