nohup: ignoring input
#Number of threads= 20
#Map1 Threshold= 33.000000
#Map2 Threshold= 33.000000
#Band Width= 16.000000
#Pearson's CCC Mode Normalized by Ave
#10.07deg->4.71deg search
#reading ../Data/original.mrc
#XYZ dim: 100 98 112
#NCSTART -50
#NRSTART -49
#NSSTART -56
#MXYZ: 100 98 112
#LenXYZ: 100.000000 98.000000 112.000000
#abg: 90.000000 90.000000 90.000000
#crs: 1 2 3
#dmax,dmin, dmean, ispg: 88.407982 0.000000 6.108566 0
#orgXYZ: -13.159000 -46.361000 -17.031000
#little-endian mode
#Order Mode= 1
#Nvoxels= 1097600
#Reading 32-bit mrc file
#XYZ dim: 100 98 112
#3orgXYZ: -13.159000 -46.361000 -17.031000
#width: 1.000000 1.000000 1.000000
#reading ../Data/B.mrc
#XYZ dim: 68 66 62
#NCSTART -34
#NRSTART -33
#NSSTART -31
#MXYZ: 68 66 62
#LenXYZ: 68.000000 66.000000 62.000000
#abg: 90.000000 90.000000 90.000000
#crs: 1 2 3
#dmax,dmin, dmean, ispg: 87.172752 0.000000 6.306517 0
#orgXYZ: -23.415501 -51.298500 13.085000
#little-endian mode
#Order Mode= 1
#Nvoxels= 278256
#Reading 32-bit mrc file
#XYZ dim: 68 66 62
#3orgXYZ: -23.415501 -51.298500 13.085000
#width: 1.000000 1.000000 1.000000
#dmax= 52.810984 size=105
Nvox= 128*128*128
cent= 36.841000 2.639000 38.969000
ori= -27.159000 -61.361000 -25.031000
#dmax= 31.543621 size=63
Nvox= 64*64*64
cent= 10.584499 -18.298500 44.085000
ori= -21.415501 -50.298500 12.085000
#Start VEC
#maxd= 32.000000
#End LDP
#MAP AVE= 59623.295450 STD= 19560981.682659 STD_norm= 5509393.491676
#Start VEC
#maxd= 32.000000
#End LDP
#MAP AVE= 52858.045977 STD= 8762530.866230 STD_norm= 2901959.485758
##PCC MODE##
#END malloc
#Make PLANs
#Array size= 128 * 128 * 128 = 2097152
#FIN PLANs
#Start Rot
# NumOfJobs= 7416
*50 T(A)={ 20.526 -1.746 23.629 } Overlap= 0.753566 CC= 0.896783 MTX={ 0.886147429 0.109245152 -0.450342348 -0.176122920 0.978287388 -0.109245152 0.428629736 0.176122920 0.886147429 } score=0.961790 cc_score=6980345226447552512.000000 ov_score=38560333824.000000 Q={ 0.968 0.074 -0.227 -0.074 } Tran={ 16 1 12 } 
*85 T(A)={ 18.650 0.322 23.224 } Overlap= 0.811188 CC= 0.918511 MTX={ 0.811386984 -0.496713890 -0.308100874 0.308100874 0.811386984 -0.496713890 0.496713890 0.308100874 0.811386984 } score=0.978252 cc_score=7499212460176441344.000000 ov_score=41571835904.000000 Q={ 0.927 0.217 -0.217 0.217 } Tran={ 20 0 12 } 
*55 T(A)={ 20.974 -2.607 26.153 } Overlap= 0.797411 CC= 0.918746 MTX={ 0.886147429 -0.428629736 -0.176122920 0.450342348 0.886147429 0.109245152 0.109245152 -0.176122920 0.978287388 } score=0.992549 cc_score=7498905696432291840.000000 ov_score=40818966528.000000 Q={ 0.968 -0.074 -0.074 0.227 } Tran={ 17 1 11 } 
*80 T(A)={ 46.320 -11.461 61.153 } Overlap= 0.678138 CC= 0.865395 MTX={ 0.803080612 0.388163136 0.452095950 -0.452095950 0.891161936 0.037941625 -0.388163136 -0.234861012 0.891161936 } score=0.936586 cc_score=8898916600858542080.000000 ov_score=34712059904.000000 Q={ 0.947 -0.072 0.222 -0.222 } Tran={ 115 11 105 } 
*45 T(A)={ 46.827 -11.944 63.351 } Overlap= 0.644007 CC= 0.866280 MTX={ 0.886147429 0.450342348 0.109245152 -0.428629736 0.886147429 -0.176122920 -0.176122920 0.109245152 0.978287388 } score=0.925660 cc_score=7915634347254743040.000000 ov_score=32979810304.000000 Q={ 0.968 0.074 0.074 -0.227 } Tran={ 115 12 101 } 
*30 T(A)={ 21.600 -3.895 24.768 } Overlap= 0.775764 CC= 0.917801 MTX={ 0.911769615 -0.242924655 -0.331155040 0.331155040 0.911769615 0.242924655 0.242924655 -0.331155040 0.911769615 } score=0.991985 cc_score=7790112450560393216.000000 ov_score=39766196224.000000 Q={ 0.966 -0.149 -0.149 0.149 } Tran={ 16 2 13 } 
*40 T(A)={ 22.912 -4.697 24.701 } Overlap= 0.780333 CC= 0.922645 MTX={ 0.978287388 0.109245152 0.176122920 -0.176122920 0.886147429 0.428629736 -0.109245152 -0.450342348 0.886147429 } score=0.992410 cc_score=8053559834622033920.000000 ov_score=39923478528.000000 Q={ 0.968 -0.227 0.074 -0.074 } Tran={ 12 3 14 } 
*90 T(A)={ 22.772 -4.420 25.636 } Overlap= 0.708979 CC= 0.899251 MTX={ 0.811386984 0.496713890 -0.308100874 -0.308100874 0.811386984 0.496713890 0.496713890 -0.308100874 0.811386984 } score=0.938472 cc_score=7486185996166365184.000000 ov_score=36345733120.000000 Q={ 0.927 -0.217 -0.217 -0.217 } Tran={ 12 3 12 } 
*95 T(A)={ 58.666 -15.933 42.027 } Overlap= 0.726167 CC= 0.895362 MTX={ 0.814547320 0.580097031 0.000000000 -0.580097031 0.814547320 -0.000000000 -0.000000000 0.000000000 1.000000000 } score=0.937756 cc_score=6776582632076476416.000000 ov_score=37188796416.000000 Q={ 0.953 0.000 0.000 -0.305 } Tran={ 103 16 122 } 
*20 T(A)={ 20.288 -2.543 25.785 } Overlap= 0.802736 CC= 0.911766 MTX={ 0.909780266 -0.293513150 0.293513150 0.293513150 0.954890133 0.045109867 -0.293513150 0.045109867 0.954890133 } score=0.958322 cc_score=7157793209031065600.000000 ov_score=41108373504.000000 Q={ 0.977 0.000 0.150 0.150 } Tran={ 16 1 11 } 
*15 T(A)={ 44.891 -10.459 63.914 } Overlap= 0.705810 CC= 0.896020 MTX={ 0.954890133 0.045109867 0.293513150 0.045109867 0.954890133 -0.293513150 -0.293513150 0.293513150 0.909780266 } score=0.950863 cc_score=8320492670543724544.000000 ov_score=36175872000.000000 Q={ 0.977 0.150 0.150 0.000 } Tran={ 118 10 100 } 
*0 T(A)={ 23.238 -3.786 26.027 } Overlap= 0.764021 CC= 0.903311 MTX={ 1.000000000 0.000000000 0.000000000 0.000000000 1.000000000 0.000000000 0.000000000 0.000000000 1.000000000 } score=0.953558 cc_score=6867959744926056448.000000 ov_score=39109787648.000000 Q={ 1.000 0.000 0.000 0.000 } Tran={ 12 2 10 } 
*25 T(A)={ 23.520 -4.328 24.734 } Overlap= 0.767068 CC= 0.912022 MTX={ 0.954890133 0.293513150 0.045109867 -0.293513150 0.909780266 0.293513150 0.045109867 -0.293513150 0.954890133 } score=0.974356 cc_score=7705928342779723776.000000 ov_score=39254482944.000000 Q={ 0.977 -0.150 0.000 -0.150 } Tran={ 11 3 13 } 
*10 T(A)={ 23.240 -3.863 24.819 } Overlap= 0.777173 CC= 0.919714 MTX={ 1.000000000 -0.000000000 0.000000000 0.000000000 0.953849134 0.300286262 -0.000000000 -0.300286262 0.953849134 } score=0.991683 cc_score=7864190946970173440.000000 ov_score=39797649408.000000 Q={ 0.988 -0.152 0.000 0.000 } Tran={ 12 2 13 } 
*35 T(A)={ 43.756 -9.991 64.153 } Overlap= 0.702737 CC= 0.893087 MTX={ 0.978287388 -0.109245152 0.176122920 0.176122920 0.886147429 -0.428629736 -0.109245152 0.450342348 0.886147429 } score=0.942362 cc_score=8062488968551202816.000000 ov_score=35968249856.000000 Q={ 0.968 0.227 0.074 0.074 } Tran={ 120 10 99 } 
*65 T(A)={ 19.829 -1.654 22.821 } Overlap= 0.735982 CC= 0.890490 MTX={ 0.891161936 0.037941625 -0.452095950 -0.234861012 0.891161936 -0.388163136 0.388163136 0.452095950 0.803080612 } score=0.967618 cc_score=6551961202614861824.000000 ov_score=37683720192.000000 Q={ 0.947 0.222 -0.222 -0.072 } Tran={ 17 2 12 } 
*60 T(A)={ 22.829 -4.006 23.029 } Overlap= 0.794504 CC= 0.925048 MTX={ 0.891161936 -0.234861012 0.388163136 0.037941625 0.891161936 0.452095950 -0.452095950 -0.388163136 0.803080612 } score=0.998031 cc_score=8109805351940915200.000000 ov_score=40686841856.000000 Q={ 0.947 -0.222 0.222 0.072 } Tran={ 13 2 16 } 
*75 T(A)={ 17.723 0.149 25.026 } Overlap= 0.821904 CC= 0.915879 MTX={ 0.891161936 -0.452095950 -0.037941625 0.388163136 0.803080612 -0.452095950 0.234861012 0.388163136 0.891161936 } score=0.983199 cc_score=7479765398015967232.000000 ov_score=42100322304.000000 Q={ 0.947 0.222 -0.072 0.222 } Tran={ 20 0 10 } 
*70 T(A)={ 18.682 -1.708 26.141 } Overlap= 0.794343 CC= 0.920453 MTX={ 0.803080612 -0.452095950 -0.388163136 0.388163136 0.891161936 -0.234861012 0.452095950 0.037941625 0.891161936 } score=0.983305 cc_score=8010937816127111168.000000 ov_score=40638611456.000000 Q={ 0.947 0.072 -0.222 0.222 } Tran={ 20 1 10 } 
*5 T(A)={ 45.791 -11.650 63.213 } Overlap= 0.668606 CC= 0.880263 MTX={ 0.977238847 0.160955336 0.138194183 -0.138194183 0.977238847 -0.160955336 -0.160955336 0.138194183 0.977238847 } score=0.932872 cc_score=7800085021024321536.000000 ov_score=34225520640.000000 Q={ 0.991 0.075 0.075 -0.075 } Tran={ 117 11 101 } 
*51 T(A)={ 18.909 -1.883 26.957 } Overlap= 0.811470 CC= 0.922083 MTX={ 0.886147429 -0.450342348 -0.109245152 0.428629736 0.886147429 -0.176122920 0.176122920 0.109245152 0.978287388 } score=0.989757 cc_score=7976145969689395200.000000 ov_score=41513123840.000000 Q={ 0.968 0.074 -0.074 0.227 } Tran={ 19 1 9 } 
*41 T(A)={ 44.770 -12.600 65.929 } Overlap= 0.664960 CC= 0.878633 MTX={ 0.978287388 0.109245152 -0.176122920 -0.176122920 0.886147429 -0.428629736 0.109245152 0.450342348 0.886147429 } score=0.938097 cc_score=7435963603544440832.000000 ov_score=34047262720.000000 Q={ 0.968 0.227 -0.074 -0.074 } Tran={ 119 13 97 } 
*56 T(A)={ 23.340 -4.259 23.967 } Overlap= 0.787209 CC= 0.909015 MTX={ 0.886147429 0.109245152 0.450342348 -0.176122920 0.978287388 0.109245152 -0.428629736 -0.176122920 0.886147429 } score=0.925458 cc_score=6991364531981123584.000000 ov_score=40319844352.000000 Q={ 0.968 -0.074 0.227 -0.074 } Tran={ 11 3 14 } 
*86 T(A)={ 20.370 -3.832 23.602 } Overlap= 0.804579 CC= 0.925095 MTX={ 0.811386984 -0.308100874 -0.496713890 0.496713890 0.811386984 0.308100874 0.308100874 -0.496713890 0.811386984 } score=0.995212 cc_score=7944306861728071680.000000 ov_score=41194352640.000000 Q={ 0.927 -0.217 -0.217 0.217 } Tran={ 18 2 15 } 
*81 T(A)={ 22.162 -4.198 23.073 } Overlap= 0.725643 CC= 0.897386 MTX={ 0.891161936 0.452095950 -0.037941625 -0.388163136 0.803080612 0.452095950 0.234861012 -0.388163136 0.891161936 } score=0.955339 cc_score=7439445207113793536.000000 ov_score=37096521728.000000 Q={ 0.947 -0.222 -0.072 -0.222 } Tran={ 12 3 15 } 
*91 T(A)={ 44.236 -11.145 64.698 } Overlap= 0.673304 CC= 0.880202 MTX={ 1.000000000 0.000000000 0.000000000 0.000000000 0.814547320 -0.580097031 0.000000000 0.580097031 0.814547320 } score=0.933326 cc_score=7535421577102360576.000000 ov_score=34464595968.000000 Q={ 0.953 0.305 0.000 0.000 } Tran={ 119 12 98 } 
*31 T(A)={ 45.935 -11.845 63.147 } Overlap= 0.666202 CC= 0.875725 MTX={ 0.911769615 0.331155040 0.242924655 -0.242924655 0.911769615 -0.331155040 -0.331155040 0.242924655 0.911769615 } score=0.937917 cc_score=7948442124960137216.000000 ov_score=34082912256.000000 Q={ 0.966 0.149 0.149 -0.149 } Tran={ 116 12 101 } 
*21 T(A)={ 45.740 -12.896 64.536 } Overlap= 0.653928 CC= 0.876231 MTX={ 0.954890133 0.293513150 -0.045109867 -0.293513150 0.909780266 -0.293513150 -0.045109867 0.293513150 0.954890133 } score=0.927021 cc_score=7526535324126674944.000000 ov_score=33445380096.000000 Q={ 0.977 0.150 0.000 -0.150 } Tran={ 117 13 99 } 
*46 T(A)={ 18.595 -0.886 24.882 } Overlap= 0.766893 CC= 0.903728 MTX={ 0.886147429 -0.176122920 -0.428629736 0.109245152 0.978287388 -0.176122920 0.450342348 0.109245152 0.886147429 } score=0.953939 cc_score=6906526214781927424.000000 ov_score=39271268352.000000 Q={ 0.968 0.074 -0.227 0.074 } Tran={ 19 0 11 } 
*1 T(A)={ 44.910 -11.037 64.107 } Overlap= 0.693095 CC= 0.895234 MTX={ 0.977238847 -0.138194183 0.160955336 0.160955336 0.977238847 -0.138194183 -0.138194183 0.160955336 0.977238847 } score=0.929282 cc_score=7793180637757702144.000000 ov_score=35492200448.000000 Q={ 0.991 0.075 0.075 0.075 } Tran={ 119 10 100 } 
*16 T(A)={ 23.254 -4.781 25.218 } Overlap= 0.781636 CC= 0.919485 MTX={ 0.954890133 -0.045109867 0.293513150 -0.045109867 0.954890133 0.293513150 -0.293513150 -0.293513150 0.909780266 } score=0.983350 cc_score=7592794093839712256.000000 ov_score=39988490240.000000 Q={ 0.977 -0.150 0.150 0.000 } Tran={ 12 3 13 } 
*11 T(A)={ 19.975 -1.452 26.024 } Overlap= 0.790621 CC= 0.914185 MTX={ 0.953849134 -0.300286262 0.000000000 0.300286262 0.953849134 0.000000000 0.000000000 0.000000000 1.000000000 } score=0.980750 cc_score=7327790900824768512.000000 ov_score=40449867776.000000 Q={ 0.988 0.000 0.000 0.152 } Tran={ 17 0 10 } 
*36 T(A)={ 22.173 -5.057 24.682 } Overlap= 0.787716 CC= 0.924353 MTX={ 0.978287388 -0.176122920 0.109245152 0.109245152 0.886147429 0.450342348 -0.176122920 -0.428629736 0.886147429 } score=0.998672 cc_score=8213354608265789440.000000 ov_score=40317743104.000000 Q={ 0.968 -0.227 0.074 0.074 } Tran={ 14 3 14 } 
*76 T(A)={ 23.788 -3.857 25.432 } Overlap= 0.813235 CC= 0.921612 MTX={ 0.803080612 -0.452095950 0.388163136 0.388163136 0.891161936 0.234861012 -0.452095950 -0.037941625 0.891161936 } score=0.974783 cc_score=7238028970556391424.000000 ov_score=41649434624.000000 Q={ 0.947 -0.072 0.222 0.222 } Tran={ 13 2 12 } 
*71 T(A)={ 21.532 -4.064 24.574 } Overlap= 0.807910 CC= 0.926352 MTX={ 0.891161936 -0.452095950 0.037941625 0.388163136 0.803080612 0.452095950 -0.234861012 -0.388163136 0.891161936 } score=0.998366 cc_score=8115492575835586560.000000 ov_score=41341153280.000000 Q={ 0.947 -0.222 0.072 0.222 } Tran={ 16 2 14 } 
*66 T(A)={ 21.906 -4.915 25.013 } Overlap= 0.747838 CC= 0.916287 MTX={ 0.891161936 0.234861012 -0.388163136 -0.037941625 0.891161936 0.452095950 0.452095950 -0.388163136 0.803080612 } score=0.976065 cc_score=7829716309637070848.000000 ov_score=38262534144.000000 Q={ 0.947 -0.222 -0.222 -0.072 } Tran={ 14 3 13 } 
*61 T(A)={ 18.720 0.213 22.985 } Overlap= 0.767840 CC= 0.897186 MTX={ 0.891161936 -0.234861012 -0.388163136 0.037941625 0.891161936 -0.452095950 0.452095950 0.388163136 0.803080612 } score=0.963069 cc_score=6461216308951252992.000000 ov_score=39285948416.000000 Q={ 0.947 0.222 -0.222 0.072 } Tran={ 19 0 12 } 
*96 T(A)={ 20.328 -2.790 25.347 } Overlap= 0.748732 CC= 0.902716 MTX={ 0.814547320 -0.000000000 -0.580097031 0.000000000 1.000000000 -0.000000000 0.580097031 0.000000000 0.814547320 } score=0.942013 cc_score=6899039640108400640.000000 ov_score=38388359168.000000 Q={ 0.953 0.000 -0.305 0.000 } Tran={ 17 1 11 } 
*57 T(A)={ 22.362 -4.802 25.811 } Overlap= 0.745336 CC= 0.899031 MTX={ 0.886147429 0.450342348 -0.109245152 -0.428629736 0.886147429 0.176122920 0.176122920 -0.109245152 0.978287388 } score=0.963159 cc_score=7445904288171163648.000000 ov_score=38122024960.000000 Q={ 0.968 -0.074 -0.074 -0.227 } Tran={ 12 4 11 } 
*42 T(A)={ 22.343 -4.814 24.299 } Overlap= 0.762315 CC= 0.919150 MTX={ 0.978287388 0.176122920 -0.109245152 -0.109245152 0.886147429 0.450342348 0.176122920 -0.428629736 0.886147429 } score=0.985742 cc_score=7928262788055564288.000000 ov_score=39011217408.000000 Q={ 0.968 -0.227 -0.074 -0.074 } Tran={ 13 3 14 } 
*26 T(A)={ 21.394 -3.895 25.130 } Overlap= 0.753663 CC= 0.900241 MTX={ 0.909780266 0.293513150 -0.293513150 -0.293513150 0.954890133 0.045109867 0.293513150 0.045109867 0.954890133 } score=0.969322 cc_score=7546603060601028608.000000 ov_score=38619054080.000000 Q={ 0.977 0.000 -0.150 -0.150 } Tran={ 14 3 11 } 
*87 T(A)={ 23.243 -4.997 22.337 } Overlap= 0.739665 CC= 0.903607 MTX={ 0.811386984 0.496713890 0.308100874 -0.308100874 0.811386984 -0.496713890 -0.496713890 0.308100874 0.811386984 } score=0.986075 cc_score=7182735080551350272.000000 ov_score=37859880960.000000 Q={ 0.927 0.217 0.217 -0.217 } Tran={ 10 6 14 } 
*82 T(A)={ 22.137 -4.998 25.441 } Overlap= 0.734200 CC= 0.900455 MTX={ 0.803080612 0.452095950 -0.388163136 -0.388163136 0.891161936 0.234861012 0.452095950 -0.037941625 0.891161936 } score=0.976814 cc_score=7806406113372405760.000000 ov_score=37543211008.000000 Q={ 0.947 -0.072 -0.222 -0.222 } Tran={ 13 4 11 } 
*6 T(A)={ 22.826 -3.352 24.363 } Overlap= 0.779293 CC= 0.908799 MTX={ 0.977238847 0.138194183 0.160955336 -0.160955336 0.977238847 0.138194183 -0.138194183 -0.160955336 0.977238847 } score=0.969650 cc_score=7405261390606237696.000000 ov_score=39904600064.000000 Q={ 0.991 -0.075 0.075 -0.075 } Tran={ 12 2 13 } 
*47 T(A)={ 21.363 -2.745 26.209 } Overlap= 0.804110 CC= 0.918421 MTX={ 0.886147429 -0.450342348 0.109245152 0.428629736 0.886147429 0.176122920 -0.176122920 -0.109245152 0.978287388 } score=0.984083 cc_score=7125703412418609152.000000 ov_score=41114660864.000000 Q={ 0.968 -0.074 0.074 0.227 } Tran={ 16 1 11 } 
*52 T(A)={ 21.516 -2.735 24.726 } Overlap= 0.799385 CC= 0.912627 MTX={ 0.886147429 -0.176122920 0.428629736 0.109245152 0.978287388 0.176122920 -0.450342348 -0.109245152 0.886147429 } score=0.970813 cc_score=7452202840530878464.000000 ov_score=40904945664.000000 Q={ 0.968 -0.074 0.227 0.074 } Tran={ 14 1 13 } 
*32 T(A)={ 23.079 -5.165 25.303 } Overlap= 0.789534 CC= 0.915647 MTX={ 0.911769615 0.242924655 0.331155040 -0.331155040 0.911769615 0.242924655 -0.242924655 -0.331155040 0.911769615 } score=0.959307 cc_score=7558190263890345984.000000 ov_score=40437280768.000000 Q={ 0.966 -0.149 0.149 -0.149 } Tran={ 11 4 13 } 
*22 T(A)={ 19.719 -2.326 25.487 } Overlap= 0.781300 CC= 0.912482 MTX={ 0.909780266 -0.293513150 -0.293513150 0.293513150 0.954890133 -0.045109867 0.293513150 -0.045109867 0.954890133 } score=0.985591 cc_score=7550542610763350016.000000 ov_score=39954939904.000000 Q={ 0.977 0.000 -0.150 0.150 } Tran={ 18 1 11 } 
*92 T(A)={ 21.245 -4.987 23.263 } Overlap= 0.769583 CC= 0.921414 MTX={ 1.000000000 -0.000000000 0.000000000 0.000000000 0.814547320 0.580097031 -0.000000000 -0.580097031 0.814547320 } score=0.996820 cc_score=8204209970057576448.000000 ov_score=39434842112.000000 Q={ 0.953 -0.305 0.000 0.000 } Tran={ 14 3 16 } 
*2 T(A)={ 21.067 -2.740 25.298 } Overlap= 0.776221 CC= 0.909624 MTX={ 0.977238847 -0.160955336 0.138194183 0.138194183 0.977238847 0.160955336 -0.160955336 -0.138194183 0.977238847 } score=0.974763 cc_score=7480919885225132032.000000 ov_score=39747317760.000000 Q={ 0.991 -0.075 0.075 0.075 } Tran={ 15 1 12 } 
*17 T(A)={ 19.680 -1.337 25.270 } Overlap= 0.747529 CC= 0.890206 MTX={ 0.954890133 -0.045109867 -0.293513150 -0.045109867 0.954890133 -0.293513150 0.293513150 0.293513150 0.909780266 } score=0.939346 cc_score=6451240439952441344.000000 ov_score=38224789504.000000 Q={ 0.977 0.150 -0.150 0.000 } Tran={ 17 1 10 } 
*37 T(A)={ 44.712 -11.868 64.919 } Overlap= 0.686514 CC= 0.883920 MTX={ 0.978287388 -0.176122920 -0.109245152 0.109245152 0.886147429 -0.450342348 0.176122920 0.428629736 0.886147429 } score=0.932290 cc_score=7425762884417748992.000000 ov_score=35133587456.000000 Q={ 0.968 0.227 -0.074 0.074 } Tran={ 120 12 98 } 
*77 T(A)={ 21.924 -4.079 22.971 } Overlap= 0.715636 CC= 0.894200 MTX={ 0.891161936 0.388163136 -0.234861012 -0.452095950 0.803080612 -0.388163136 0.037941625 0.452095950 0.891161936 } score=0.976451 cc_score=7011750577071718400.000000 ov_score=36674994176.000000 Q={ 0.947 0.222 -0.072 -0.222 } Tran={ 13 5 12 } 
*72 T(A)={ 46.251 -11.839 62.130 } Overlap= 0.667992 CC= 0.871076 MTX={ 0.803080612 0.452095950 0.388163136 -0.388163136 0.891161936 -0.234861012 -0.452095950 0.037941625 0.891161936 } score=0.937689 cc_score=8605337650393513984.000000 ov_score=34181478400.000000 Q={ 0.947 0.072 0.222 -0.222 } Tran={ 115 12 103 } 
*67 T(A)={ 18.817 -1.059 25.063 } Overlap= 0.829566 CC= 0.909241 MTX={ 0.891161936 -0.388163136 0.234861012 0.452095950 0.803080612 -0.388163136 -0.037941625 0.452095950 0.891161936 } score=0.948554 cc_score=7104652712549023744.000000 ov_score=42484105216.000000 Q={ 0.947 0.222 0.072 0.222 } Tran={ 18 1 10 } 
*62 T(A)={ 21.105 -4.056 24.350 } Overlap= 0.774499 CC= 0.922333 MTX={ 0.891161936 -0.037941625 -0.452095950 0.234861012 0.891161936 0.388163136 0.388163136 -0.452095950 0.803080612 } score=0.994897 cc_score=8028439292462235648.000000 ov_score=39680208896.000000 Q={ 0.947 -0.222 -0.222 0.072 } Tran={ 16 2 14 } 
*58 T(A)={ 21.224 -3.513 24.748 } Overlap= 0.754810 CC= 0.907225 MTX={ 0.886147429 0.176122920 -0.428629736 -0.109245152 0.978287388 0.176122920 0.450342348 -0.109245152 0.886147429 } score=0.967887 cc_score=7461687227832074240.000000 ov_score=38665187328.000000 Q={ 0.968 -0.074 -0.227 -0.074 } Tran={ 15 2 12 } 
*43 T(A)={ 19.125 -1.070 27.024 } Overlap= 0.828281 CC= 0.919132 MTX={ 0.886147429 -0.428629736 0.176122920 0.450342348 0.886147429 -0.109245152 -0.109245152 0.176122920 0.978287388 } score=0.984339 cc_score=7333680434858950656.000000 ov_score=42404413440.000000 Q={ 0.968 0.074 0.074 0.227 } Tran={ 18 0 9 } 
*83 T(A)={ 44.953 -10.376 64.359 } Overlap= 0.721727 CC= 0.903065 MTX={ 0.811386984 -0.308100874 0.496713890 0.496713890 0.811386984 -0.308100874 -0.308100874 0.496713890 0.811386984 } score=0.924209 cc_score=8292905923802824704.000000 ov_score=36991664128.000000 Q={ 0.927 0.217 0.217 0.217 } Tran={ 119 10 99 } 
*12 T(A)={ 45.057 -10.776 62.980 } Overlap= 0.684172 CC= 0.891891 MTX={ 0.953849134 0.000000000 0.300286262 0.000000000 1.000000000 0.000000000 -0.300286262 0.000000000 0.953849134 } score=0.934085 cc_score=8208957111510499328.000000 ov_score=35026632704.000000 Q={ 0.988 0.000 0.152 0.000 } Tran={ 118 9 102 } 
*48 T(A)={ 45.130 -11.650 62.869 } Overlap= 0.697316 CC= 0.892898 MTX={ 0.886147429 0.176122920 0.428629736 -0.109245152 0.978287388 -0.176122920 -0.450342348 0.109245152 0.886147429 } score=0.947755 cc_score=8800554840393515008.000000 ov_score=35689332736.000000 Q={ 0.968 0.074 0.227 -0.074 } Tran={ 117 11 102 } 
*88 T(A)={ 23.532 -4.730 24.269 } Overlap= 0.794881 CC= 0.917350 MTX={ 0.811386984 0.308100874 0.496713890 -0.496713890 0.811386984 0.308100874 -0.308100874 -0.496713890 0.811386984 } score=0.951118 cc_score=7571944604598009856.000000 ov_score=40772825088.000000 Q={ 0.927 -0.217 0.217 -0.217 } Tran={ 10 4 15 } 
*33 T(A)={ 20.686 -1.998 22.160 } Overlap= 0.752283 CC= 0.892412 MTX={ 0.911769615 0.242924655 -0.331155040 -0.331155040 0.911769615 -0.242924655 0.242924655 0.331155040 0.911769615 } score=0.954858 cc_score=6755522036602241024.000000 ov_score=38530973696.000000 Q={ 0.966 0.149 -0.149 -0.149 } Tran={ 15 2 13 } 
*93 T(A)={ 20.223 -2.211 28.036 } Overlap= 0.813776 CC= 0.918543 MTX={ 0.814547320 -0.580097031 0.000000000 0.580097031 0.814547320 0.000000000 0.000000000 0.000000000 1.000000000 } score=0.971970 cc_score=6804505279619661824.000000 ov_score=41724936192.000000 Q={ 0.953 0.000 0.000 0.305 } Tran={ 18 1 8 } 
*18 T(A)={ 21.322 -3.872 24.570 } Overlap= 0.770124 CC= 0.916098 MTX={ 0.954890133 0.045109867 -0.293513150 0.045109867 0.954890133 0.293513150 0.293513150 -0.293513150 0.909780266 } score=0.993026 cc_score=7928278181218353152.000000 ov_score=39365636096.000000 Q={ 0.977 -0.150 -0.150 0.000 } Tran={ 15 2 13 } 
*23 T(A)={ 21.047 -2.961 24.833 } Overlap= 0.791505 CC= 0.919868 MTX={ 0.954890133 -0.293513150 -0.045109867 0.293513150 0.909780266 0.293513150 -0.045109867 -0.293513150 0.954890133 } score=1.000000 cc_score=8027919773218111488.000000 ov_score=40523259904.000000 Q={ 0.977 -0.150 0.000 0.150 } Tran={ 16 1 13 } 
*3 T(A)={ 18.734 -0.958 25.854 } Overlap= 0.765246 CC= 0.899531 MTX={ 0.977238847 -0.160955336 -0.138194183 0.138194183 0.977238847 -0.160955336 0.160955336 0.138194183 0.977238847 } score=0.948517 cc_score=6731334430058610688.000000 ov_score=39158018048.000000 Q={ 0.991 0.075 -0.075 0.075 } Tran={ 18 0 10 } 
*7 T(A)={ 20.616 -1.685 24.796 } Overlap= 0.765525 CC= 0.892326 MTX={ 0.977238847 0.138194183 -0.160955336 -0.160955336 0.977238847 -0.138194183 0.138194183 0.160955336 0.977238847 } score=0.942202 cc_score=6562594579567083520.000000 ov_score=39218831360.000000 Q={ 0.991 0.075 -0.075 -0.075 } Tran={ 15 1 11 } 
*38 T(A)={ 21.626 -4.091 23.458 } Overlap= 0.773049 CC= 0.921514 MTX={ 0.978287388 -0.109245152 -0.176122920 0.176122920 0.886147429 0.428629736 0.109245152 -0.450342348 0.886147429 } score=0.997706 cc_score=8259937617399775232.000000 ov_score=39581642752.000000 Q={ 0.968 -0.227 -0.074 0.074 } Tran={ 15 2 15 } 
*97 T(A)={ 44.779 -9.277 64.142 } Overlap= 0.691444 CC= 0.878036 MTX={ 0.958038693 0.087284223 0.273026166 0.087284223 0.818439030 -0.567925037 -0.273026166 0.567925037 0.776477724 } score=0.947522 cc_score=8166889246875975680.000000 ov_score=35368468480.000000 Q={ 0.942 0.301 0.145 0.000 } Tran={ 118 10 99 } 
*78 T(A)={ 19.579 -2.460 26.286 } Overlap= 0.802091 CC= 0.917673 MTX={ 0.803080612 -0.388163136 -0.452095950 0.452095950 0.891161936 0.037941625 0.388163136 -0.234861012 0.891161936 } score=0.976077 cc_score=7439996062439309312.000000 ov_score=41026584576.000000 Q={ 0.947 -0.072 -0.222 0.222 } Tran={ 19 1 11 } 
*53 T(A)={ 21.619 -4.079 23.771 } Overlap= 0.736935 CC= 0.892714 MTX={ 0.886147429 0.428629736 -0.176122920 -0.450342348 0.886147429 -0.109245152 0.109245152 0.176122920 0.978287388 } score=0.938349 cc_score=6771597446356140032.000000 ov_score=37704691712.000000 Q={ 0.968 0.074 -0.074 -0.227 } Tran={ 13 4 12 } 
*73 T(A)={ 23.759 -4.968 24.612 } Overlap= 0.761832 CC= 0.908999 MTX={ 0.891161936 0.388163136 0.234861012 -0.452095950 0.803080612 0.388163136 -0.037941625 -0.452095950 0.891161936 } score=0.995730 cc_score=7983266956746686464.000000 ov_score=38954594304.000000 Q={ 0.947 -0.222 0.072 -0.222 } Tran={ 10 4 14 } 
*27 T(A)={ 44.989 -10.710 64.705 } Overlap= 0.713689 CC= 0.902719 MTX={ 0.911769615 -0.242924655 0.331155040 0.331155040 0.911769615 -0.242924655 -0.242924655 0.331155040 0.911769615 } score=0.931481 cc_score=8250626403179954176.000000 ov_score=36572233728.000000 Q={ 0.966 0.149 0.149 0.149 } Tran={ 119 10 99 } 
*68 T(A)={ 44.364 -10.275 63.292 } Overlap= 0.718448 CC= 0.902881 MTX={ 0.803080612 -0.388163136 0.452095950 0.452095950 0.891161936 -0.037941625 -0.388163136 0.234861012 0.891161936 } score=0.925078 cc_score=8177158135723589632.000000 ov_score=36817600512.000000 Q={ 0.947 0.072 0.222 0.222 } Tran={ 120 9 101 } 
*59 T(A)={ 43.908 -10.164 63.661 } Overlap= 0.731692 CC= 0.903517 MTX={ 0.891161936 -0.037941625 0.452095950 0.234861012 0.891161936 -0.388163136 -0.388163136 0.452095950 0.803080612 } score=0.958517 cc_score=8414131478811639808.000000 ov_score=37465612288.000000 Q={ 0.947 0.222 0.222 0.072 } Tran={ 119 10 100 } 
*63 T(A)={ 23.985 -4.711 23.968 } Overlap= 0.761411 CC= 0.901808 MTX={ 0.891161936 0.234861012 0.388163136 -0.037941625 0.891161936 -0.452095950 -0.452095950 0.388163136 0.803080612 } score=0.951618 cc_score=7018810541233668096.000000 ov_score=38971375616.000000 Q={ 0.947 0.222 0.222 -0.072 } Tran={ 10 5 12 } 
*44 T(A)={ 45.200 -11.144 63.582 } Overlap= 0.724186 CC= 0.906816 MTX={ 0.886147429 -0.109245152 0.450342348 0.176122920 0.978287388 -0.109245152 -0.428629736 0.176122920 0.886147429 } score=0.950334 cc_score=8622486183496122368.000000 ov_score=37079740416.000000 Q={ 0.968 0.074 0.227 0.074 } Tran={ 118 10 101 } 
*84 T(A)={ 23.140 -5.111 24.746 } Overlap= 0.798024 CC= 0.924975 MTX={ 0.811386984 -0.496713890 0.308100874 0.308100874 0.811386984 0.496713890 -0.496713890 -0.308100874 0.811386984 } score=0.995627 cc_score=7778244322050179072.000000 ov_score=40816865280.000000 Q={ 0.927 -0.217 0.217 0.217 } Tran={ 14 3 14 } 
*49 T(A)={ 23.745 -3.610 24.385 } Overlap= 0.753686 CC= 0.898726 MTX={ 0.886147429 0.428629736 0.176122920 -0.450342348 0.886147429 0.109245152 -0.109245152 -0.176122920 0.978287388 } score=0.944221 cc_score=6836181659860074496.000000 ov_score=38591787008.000000 Q={ 0.968 -0.074 0.074 -0.227 } Tran={ 10 3 13 } 
*34 T(A)={ 22.134 -4.491 25.337 } Overlap= 0.748621 CC= 0.909238 MTX={ 0.911769615 0.331155040 -0.242924655 -0.242924655 0.911769615 0.331155040 0.331155040 -0.242924655 0.911769615 } score=0.972401 cc_score=7708693614523580416.000000 ov_score=38415626240.000000 Q={ 0.966 -0.149 -0.149 -0.149 } Tran={ 13 3 12 } 
*89 T(A)={ 20.969 -3.226 22.694 } Overlap= 0.715349 CC= 0.893901 MTX={ 0.811386984 0.308100874 -0.496713890 -0.496713890 0.811386984 -0.308100874 0.308100874 0.496713890 0.811386984 } score=0.974842 cc_score=6987030257144430592.000000 ov_score=36681281536.000000 Q={ 0.927 0.217 -0.217 -0.217 } Tran={ 15 4 12 } 
*94 T(A)={ 45.538 -10.784 62.614 } Overlap= 0.703263 CC= 0.899591 MTX={ 0.814547320 0.000000000 0.580097031 0.000000000 1.000000000 0.000000000 -0.580097031 0.000000000 0.814547320 } score=0.939072 cc_score=8770550267583135744.000000 ov_score=36029071360.000000 Q={ 0.953 0.000 0.305 0.000 } Tran={ 117 9 103 } 
*19 T(A)={ 17.828 -0.529 25.428 } Overlap= 0.803041 CC= 0.906474 MTX={ 0.954890133 -0.293513150 0.045109867 0.293513150 0.909780266 -0.293513150 0.045109867 0.293513150 0.954890133 } score=0.964895 cc_score=7056521591043129344.000000 ov_score=41085300736.000000 Q={ 0.977 0.150 0.000 0.150 } Tran={ 19 0 10 } 
*24 T(A)={ 45.956 -11.672 61.138 } Overlap= 0.673195 CC= 0.867519 MTX={ 0.909780266 0.293513150 0.293513150 -0.293513150 0.954890133 -0.045109867 -0.293513150 -0.045109867 0.954890133 } score=0.932131 cc_score=8530201973553627136.000000 ov_score=34529607680.000000 Q={ 0.977 0.000 0.150 -0.150 } Tran={ 116 11 104 } 
*4 T(A)={ 20.693 -1.718 25.055 } Overlap= 0.772317 CC= 0.910735 MTX={ 0.977238847 -0.138194183 -0.160955336 0.160955336 0.977238847 0.138194183 0.138194183 -0.160955336 0.977238847 } score=0.975122 cc_score=7349213785380356096.000000 ov_score=39516631040.000000 Q={ 0.991 -0.075 -0.075 0.075 } Tran={ 16 0 12 } 
*39 T(A)={ 44.809 -11.610 64.310 } Overlap= 0.675368 CC= 0.883180 MTX={ 0.978287388 0.176122920 0.109245152 -0.109245152 0.886147429 -0.450342348 -0.176122920 0.428629736 0.886147429 } score=0.942847 cc_score=7621010860743327744.000000 ov_score=34563162112.000000 Q={ 0.968 0.227 0.074 -0.074 } Tran={ 118 12 99 } 
*79 T(A)={ 21.960 -3.967 23.515 } Overlap= 0.801140 CC= 0.925675 MTX={ 0.891161936 -0.388163136 -0.234861012 0.452095950 0.803080612 0.388163136 0.037941625 -0.452095950 0.891161936 } score=0.996516 cc_score=8319723012404281344.000000 ov_score=40984641536.000000 Q={ 0.947 -0.222 -0.072 0.222 } Tran={ 16 2 15 } 
*74 T(A)={ 21.550 -3.267 23.441 } Overlap= 0.743185 CC= 0.897610 MTX={ 0.803080612 0.388163136 -0.452095950 -0.452095950 0.891161936 -0.037941625 0.388163136 0.234861012 0.891161936 } score=0.965840 cc_score=7289686225852563456.000000 ov_score=38075887616.000000 Q={ 0.947 0.072 -0.222 -0.222 } Tran={ 14 3 12 } 
*100 T(A)={ 21.105 -5.059 24.000 } Overlap= 0.764858 CC= 0.923077 MTX={ 0.958038693 0.087284223 -0.273026166 0.087284223 0.818439030 0.567925037 0.273026166 -0.567925037 0.776477724 } score=0.987302 cc_score=8054349283970777088.000000 ov_score=39107686400.000000 Q={ 0.942 -0.301 -0.145 0.000 } Tran={ 15 3 15 } 
*69 T(A)={ 22.993 -5.987 25.511 } Overlap= 0.715099 CC= 0.890240 MTX={ 0.891161936 0.452095950 0.037941625 -0.388163136 0.803080612 -0.452095950 -0.234861012 0.388163136 0.891161936 } score=0.984105 cc_score=7148725536636796928.000000 ov_score=36630953984.000000 Q={ 0.947 0.222 0.072 -0.222 } Tran={ 11 7 10 } 
*8 T(A)={ 21.467 -3.444 24.945 } Overlap= 0.772152 CC= 0.908012 MTX={ 0.977238847 0.160955336 -0.138194183 -0.138194183 0.977238847 0.160955336 0.160955336 -0.138194183 0.977238847 } score=0.971591 cc_score=7465145741657243648.000000 ov_score=39529213952.000000 Q={ 0.991 -0.075 -0.075 -0.075 } Tran={ 14 2 12 } 
*105 T(A)={ 20.386 -2.681 24.800 } Overlap= 0.795776 CC= 0.913004 MTX={ 0.818439030 -0.567925037 -0.087284223 0.567925037 0.776477724 0.273026166 -0.087284223 -0.273026166 0.958038693 } score=0.978919 cc_score=6917012257176027136.000000 ov_score=40777019392.000000 Q={ 0.942 -0.145 0.000 0.301 } Tran={ 18 1 13 } 
*13 T(A)={ 22.590 -2.767 25.028 } Overlap= 0.763304 CC= 0.898074 MTX={ 0.953849134 0.300286262 0.000000000 -0.300286262 0.953849134 -0.000000000 -0.000000000 0.000000000 1.000000000 } score=0.944973 cc_score=6828209101047070720.000000 ov_score=39015411712.000000 Q={ 0.988 0.000 0.000 -0.152 } Tran={ 12 2 11 } 
*64 T(A)={ 23.616 -4.553 24.216 } Overlap= 0.797781 CC= 0.925702 MTX={ 0.891161936 0.037941625 0.452095950 -0.234861012 0.891161936 0.388163136 -0.388163136 -0.452095950 0.803080612 } score=0.987134 cc_score=8009463920790077440.000000 ov_score=40871391232.000000 Q={ 0.947 -0.222 0.222 -0.072 } Tran={ 11 3 15 } 
*110 T(A)={ 19.676 -1.353 24.371 } Overlap= 0.748158 CC= 0.896419 MTX={ 0.818439030 -0.087284223 -0.567925037 -0.087284223 0.958038693 -0.273026166 0.567925037 0.273026166 0.776477724 } score=0.953266 cc_score=6520698238746492928.000000 ov_score=38327549952.000000 Q={ 0.942 0.145 -0.301 0.000 } Tran={ 18 1 11 } 
*54 T(A)={ 20.394 -2.663 24.026 } Overlap= 0.772222 CC= 0.909156 MTX={ 0.886147429 -0.109245152 -0.450342348 0.176122920 0.978287388 0.109245152 0.428629736 -0.176122920 0.886147429 } score=0.968243 cc_score=7454235837530636288.000000 ov_score=39516635136.000000 Q={ 0.968 -0.074 -0.227 0.074 } Tran={ 17 1 13 } 
*120 T(A)={ 22.487 -5.498 24.097 } Overlap= 0.744906 CC= 0.912429 MTX={ 0.958038693 0.273026166 0.087284223 -0.273026166 0.776477724 0.567925037 0.087284223 -0.567925037 0.818439030 } score=0.980224 cc_score=7798042678175727616.000000 ov_score=38103150592.000000 Q={ 0.942 -0.301 0.000 -0.145 } Tran={ 12 4 15 } 
*115 T(A)={ 60.087 -15.732 42.273 } Overlap= 0.722481 CC= 0.901967 MTX={ 0.776477724 0.567925037 0.273026166 -0.567925037 0.818439030 -0.087284223 -0.273026166 -0.087284223 0.958038693 } score=0.937536 cc_score=7182221608621178880.000000 ov_score=37027315712.000000 Q={ 0.942 0.000 0.145 -0.301 } Tran={ 101 16 123 } 
*98 T(A)={ 22.462 -4.861 23.606 } Overlap= 0.781436 CC= 0.926147 MTX={ 0.958038693 -0.087284223 0.273026166 -0.087284223 0.818439030 0.567925037 -0.273026166 -0.567925037 0.776477724 } score=0.998227 cc_score=8234155169240055808.000000 ov_score=40024141824.000000 Q={ 0.942 -0.301 0.145 0.000 } Tran={ 13 3 16 } 
*130 T(A)={ 44.244 -9.883 63.237 } Overlap= 0.741667 CC= 0.911251 MTX={ 0.781071200 -0.181925034 0.597353074 0.352906079 0.917801963 -0.181925034 -0.515155037 0.352906079 0.781071200 } score=0.949275 cc_score=8587867510139781120.000000 ov_score=37985714176.000000 Q={ 0.933 0.143 0.298 0.143 } Tran={ 119 9 101 } 
*125 T(A)={ 23.997 -3.760 21.434 } Overlap= 0.740489 CC= 0.901826 MTX={ 0.917801963 0.352906079 0.181925034 -0.181925034 0.781071200 -0.597353074 -0.352906079 0.515155037 0.781071200 } score=0.998146 cc_score=7277363999040077824.000000 ov_score=37920702464.000000 Q={ 0.933 0.298 0.143 -0.143 } Tran={ 10 5 14 } 
*28 T(A)={ 21.542 -3.029 25.062 } Overlap= 0.805914 CC= 0.920535 MTX={ 0.911769615 -0.331155040 0.242924655 0.242924655 0.911769615 0.331155040 -0.331155040 -0.242924655 0.911769615 } score=0.998351 cc_score=7866940275795427328.000000 ov_score=41206935552.000000 Q={ 0.966 -0.149 0.149 0.149 } Tran={ 15 1 13 } 
*135 T(A)={ 23.105 -4.215 24.318 } Overlap= 0.749815 CC= 0.898411 MTX={ 0.781071200 0.515155037 0.352906079 -0.597353074 0.781071200 0.181925034 -0.181925034 -0.352906079 0.917801963 } score=0.939503 cc_score=6932331752685830144.000000 ov_score=38352715776.000000 Q={ 0.933 -0.143 0.143 -0.298 } Tran={ 10 4 14 } 
*140 T(A)={ 20.149 -3.795 24.882 } Overlap= 0.788497 CC= 0.918314 MTX={ 0.781071200 -0.181925034 -0.597353074 0.352906079 0.917801963 0.181925034 0.515155037 -0.352906079 0.781071200 } score=0.972568 cc_score=7694065711827648512.000000 ov_score=40365973504.000000 Q={ 0.933 -0.143 -0.298 0.143 } Tran={ 18 2 13 } 
*145 T(A)={ 22.966 -3.511 22.857 } Overlap= 0.769524 CC= 0.904988 MTX={ 0.830285124 0.169714876 0.530870587 0.169714876 0.830285124 -0.530870587 -0.530870587 0.530870587 0.660570249 } score=0.981835 cc_score=7528890478033371136.000000 ov_score=39365632000.000000 Q={ 0.911 0.291 0.291 0.000 } Tran={ 11 4 13 } 
*155 T(A)={ 23.425 -5.662 24.841 } Overlap= 0.699668 CC= 0.891517 MTX={ 0.830285124 0.530870587 0.169714876 -0.530870587 0.660570249 0.530870587 0.169714876 -0.530870587 0.830285124 } score=0.939112 cc_score=7403821580129665024.000000 ov_score=35792093184.000000 Q={ 0.911 -0.291 0.000 -0.291 } Tran={ 10 5 14 } 
*160 T(A)={ 20.763 -5.012 24.232 } Overlap= 0.795108 CC= 0.929682 MTX={ 0.795080070 -0.083853591 -0.600679905 0.416754895 0.795080070 0.440639456 0.440639456 -0.600679905 0.667098695 } score=0.995361 cc_score=8132653203566100480.000000 ov_score=40764440576.000000 Q={ 0.902 -0.288 -0.288 0.139 } Tran={ 17 3 15 } 
*101 T(A)={ 18.962 -1.390 27.459 } Overlap= 0.830710 CC= 0.924811 MTX={ 0.818439030 -0.567925037 0.087284223 0.567925037 0.776477724 -0.273026166 0.087284223 0.273026166 0.958038693 } score=0.989547 cc_score=7702392863140610048.000000 ov_score=42500874240.000000 Q={ 0.942 0.145 0.000 0.301 } Tran={ 19 1 8 } 
*165 T(A)={ 19.676 -1.577 23.755 } Overlap= 0.839167 CC= 0.913777 MTX={ 0.795080070 -0.440639456 0.416754895 0.600679905 0.667098695 -0.440639456 -0.083853591 0.600679905 0.795080070 } score=0.956459 cc_score=7353366640798466048.000000 ov_score=43035656192.000000 Q={ 0.902 0.288 0.139 0.288 } Tran={ 17 2 11 } 
*150 T(A)={ 44.901 -10.620 62.861 } Overlap= 0.708622 CC= 0.899490 MTX={ 0.660570249 -0.530870587 0.530870587 0.530870587 0.830285124 0.169714876 -0.530870587 0.169714876 0.830285124 } score=0.931279 cc_score=8110861432859394048.000000 ov_score=36282826752.000000 Q={ 0.911 0.000 0.291 0.291 } Tran={ 120 9 102 } 
*106 T(A)={ 45.518 -11.604 61.939 } Overlap= 0.680228 CC= 0.880863 MTX={ 0.776477724 0.273026166 0.567925037 -0.273026166 0.958038693 -0.087284223 -0.567925037 -0.087284223 0.818439030 } score=0.926790 cc_score=9048179152619831296.000000 ov_score=34819014656.000000 Q={ 0.942 0.000 0.301 -0.145 } Tran={ 116 11 104 } 
*170 T(A)={ 22.684 -4.987 22.377 } Overlap= 0.739546 CC= 0.904298 MTX={ 0.667098695 0.600679905 0.440639456 -0.440639456 0.795080070 -0.416754895 -0.600679905 0.083853591 0.795080070 } score=0.975915 cc_score=7487762695840595968.000000 ov_score=37830524928.000000 Q={ 0.902 0.139 0.288 -0.288 } Tran={ 10 6 15 } 
*175 T(A)={ 22.264 -7.240 26.558 } Overlap= 0.729744 CC= 0.907953 MTX={ 0.795080070 0.440639456 -0.416754895 -0.600679905 0.667098695 -0.440639456 0.083853591 0.600679905 0.795080070 } score=0.992732 cc_score=7634262174881284096.000000 ov_score=37379637248.000000 Q={ 0.902 0.288 -0.139 -0.288 } Tran={ 13 9 8 } 
*121 T(A)={ 43.674 -10.569 63.907 } Overlap= 0.723132 CC= 0.897253 MTX={ 0.917801963 -0.181925034 0.352906079 0.352906079 0.781071200 -0.515155037 -0.181925034 0.597353074 0.781071200 } score=0.943438 cc_score=8373718379176919040.000000 ov_score=37027307520.000000 Q={ 0.933 0.298 0.143 0.143 } Tran={ 120 11 99 } 
*116 T(A)={ 21.076 -5.090 23.294 } Overlap= 0.798771 CC= 0.930612 MTX={ 0.958038693 -0.273026166 -0.087284223 0.273026166 0.776477724 0.567925037 -0.087284223 -0.567925037 0.818439030 } score=0.996594 cc_score=8788129259488018432.000000 ov_score=40881881088.000000 Q={ 0.942 -0.301 0.000 0.145 } Tran={ 16 3 16 } 
*111 T(A)={ 22.897 -3.702 23.775 } Overlap= 0.798175 CC= 0.918714 MTX={ 0.818439030 -0.087284223 0.567925037 -0.087284223 0.958038693 0.273026166 -0.567925037 -0.273026166 0.776477724 } score=0.978732 cc_score=7795750746187628544.000000 ov_score=40913334272.000000 Q={ 0.942 -0.145 0.301 0.000 } Tran={ 12 2 15 } 
*9 T(A)={ 44.229 -11.372 64.465 } Overlap= 0.685338 CC= 0.891372 MTX={ 1.000000000 0.000000000 0.000000000 0.000000000 0.953849134 -0.300286262 0.000000000 0.300286262 0.953849134 } score=0.941215 cc_score=7647939549775003648.000000 ov_score=35102121984.000000 Q={ 0.988 0.152 0.000 0.000 } Tran={ 119 11 99 } 
*131 T(A)={ 23.208 -6.999 24.401 } Overlap= 0.714947 CC= 0.888822 MTX={ 0.781071200 0.597353074 0.181925034 -0.515155037 0.781071200 -0.352906079 -0.352906079 0.181925034 0.917801963 } score=0.972869 cc_score=7231429152010665984.000000 ov_score=36624662528.000000 Q={ 0.933 0.143 0.143 -0.298 } Tran={ 10 8 12 } 
*99 T(A)={ 19.791 -2.080 23.554 } Overlap= 0.735545 CC= 0.886909 MTX={ 0.958038693 -0.087284223 -0.273026166 -0.087284223 0.818439030 -0.567925037 0.273026166 0.567925037 0.776477724 } score=0.962643 cc_score=6483608962762539008.000000 ov_score=37616615424.000000 Q={ 0.942 0.301 -0.145 0.000 } Tran={ 17 3 11 } 
*141 T(A)={ 20.862 -3.540 23.904 } Overlap= 0.790415 CC= 0.913400 MTX={ 0.781071200 -0.515155037 -0.352906079 0.597353074 0.781071200 0.181925034 0.181925034 -0.352906079 0.917801963 } score=0.969532 cc_score=7046015757439729664.000000 ov_score=40502292480.000000 Q={ 0.933 -0.143 -0.143 0.298 } Tran={ 18 2 14 } 
*146 T(A)={ 22.281 -4.744 23.037 } Overlap= 0.817966 CC= 0.934872 MTX={ 0.830285124 -0.169714876 0.530870587 -0.169714876 0.830285124 0.530870587 -0.530870587 -0.530870587 0.660570249 } score=0.998256 cc_score=8693009409057488896.000000 ov_score=41821405184.000000 Q={ 0.911 -0.291 0.291 0.000 } Tran={ 13 3 17 } 
