nohup: ignoring input
#Number of threads= 20
#Map1 Threshold= 33.000000
#Map2 Threshold= 33.000000
#Band Width= 16.000000
#Pearson's CCC Mode Normalized by Ave
#10.07deg->4.71deg search
#reading ../Data/original.mrc
#XYZ dim: 100 98 112
#NCSTART -50
#NRSTART -49
#NSSTART -56
#MXYZ: 100 98 112
#LenXYZ: 100.000000 98.000000 112.000000
#abg: 90.000000 90.000000 90.000000
#crs: 1 2 3
#dmax,dmin, dmean, ispg: 88.407982 0.000000 6.108566 0
#orgXYZ: -13.159000 -46.361000 -17.031000
#little-endian mode
#Order Mode= 1
#Nvoxels= 1097600
#Reading 32-bit mrc file
#XYZ dim: 100 98 112
#3orgXYZ: -13.159000 -46.361000 -17.031000
#width: 1.000000 1.000000 1.000000
#reading ../Data/C.mrc
#XYZ dim: 82 82 68
#NCSTART -41
#NRSTART -41
#NSSTART -34
#MXYZ: 82 82 68
#LenXYZ: 82.000000 82.000000 68.000000
#abg: 90.000000 90.000000 90.000000
#crs: 1 2 3
#dmax,dmin, dmean, ispg: 88.098824 0.000000 6.969065 0
#orgXYZ: -48.293999 -36.481998 -18.463499
#little-endian mode
#Order Mode= 1
#Nvoxels= 457232
#Reading 32-bit mrc file
#XYZ dim: 82 82 68
#3orgXYZ: -48.293999 -36.481998 -18.463499
#width: 1.000000 1.000000 1.000000
#dmax= 52.810984 size=105
Nvox= 128*128*128
cent= 36.841000 2.639000 38.969000
ori= -27.159000 -61.361000 -25.031000
#dmax= 39.102430 size=78
Nvox= 96*96*96
cent= -7.293999 4.518002 15.536501
ori= -55.293999 -43.481998 -32.463501
#Start VEC
#maxd= 32.000000
#End LDP
#MAP AVE= 59597.193686 STD= 19560981.682659 STD_norm= 5509432.171475
#Start VEC
#maxd= 32.000000
#End LDP
#MAP AVE= 57179.228907 STD= 12628060.881810 STD_norm= 3605876.074287
##PCC MODE##
#END malloc
#Make PLANs
#Array size= 128 * 128 * 128 = 2097152
#FIN PLANs
#Start Rot
# NumOfJobs= 7416
*85 T(A)={ 52.575 -16.073 57.795 } Overlap= 0.631351 CC= 0.815060 MTX={ 0.811386984 -0.496713890 -0.308100874 0.308100874 0.811386984 -0.496713890 0.496713890 0.308100874 0.811386984 } score=0.954220 cc_score=7466051189482717184.000000 ov_score=59125006336.000000 Q={ 0.927 0.217 -0.217 0.217 } Tran={ 112 16 108 } 
*75 T(A)={ 50.494 -15.181 56.046 } Overlap= 0.673055 CC= 0.846151 MTX={ 0.891161936 -0.452095950 -0.037941625 0.388163136 0.803080612 -0.452095950 0.234861012 0.388163136 0.891161936 } score=0.975189 cc_score=8727788061355671552.000000 ov_score=63040380928.000000 Q={ 0.947 0.222 -0.072 0.222 } Tran={ 114 15 110 } 
*70 T(A)={ 26.470 -5.292 26.558 } Overlap= 0.634923 CC= 0.812105 MTX={ 0.803080612 -0.452095950 -0.388163136 0.388163136 0.891161936 -0.234861012 0.452095950 0.037941625 0.891161936 } score=0.974793 cc_score=7597397199269396480.000000 ov_score=59494096896.000000 Q={ 0.947 0.072 -0.222 0.222 } Tran={ 10 5 12 } 
*45 T(A)={ 46.334 -19.930 55.435 } Overlap= 0.571016 CC= 0.784037 MTX={ 0.886147429 0.450342348 0.109245152 -0.428629736 0.886147429 -0.176122920 -0.176122920 0.109245152 0.978287388 } score=0.981372 cc_score=9060977467967143936.000000 ov_score=53513027584.000000 Q={ 0.968 0.074 0.074 -0.227 } Tran={ 116 21 112 } 
*80 T(A)={ 47.784 -20.795 57.585 } Overlap= 0.533987 CC= 0.759758 MTX={ 0.803080612 0.388163136 0.452095950 -0.452095950 0.891161936 0.037941625 -0.388163136 -0.234861012 0.891161936 } score=0.971615 cc_score=8345134925145440256.000000 ov_score=50050629632.000000 Q={ 0.947 -0.072 0.222 -0.222 } Tran={ 115 22 111 } 
*40 T(A)={ 25.060 -10.048 21.656 } Overlap= 0.532111 CC= 0.747129 MTX={ 0.978287388 0.109245152 0.176122920 -0.176122920 0.886147429 0.428629736 -0.109245152 -0.450342348 0.886147429 } score=0.912450 cc_score=7501421379036643328.000000 ov_score=49834622976.000000 Q={ 0.968 -0.227 0.074 -0.074 } Tran={ 10 11 19 } 
*20 T(A)={ 49.232 -14.172 54.766 } Overlap= 0.666779 CC= 0.852903 MTX={ 0.909780266 -0.293513150 0.293513150 0.293513150 0.954890133 0.045109867 -0.293513150 0.045109867 0.954890133 } score=0.988919 cc_score=9247959315875102720.000000 ov_score=62480445440.000000 Q={ 0.977 0.000 0.150 0.150 } Tran={ 115 14 113 } 
*15 T(A)={ 48.306 -15.913 53.135 } Overlap= 0.680188 CC= 0.863118 MTX={ 0.954890133 0.045109867 0.293513150 0.045109867 0.954890133 -0.293513150 -0.293513150 0.293513150 0.909780266 } score=0.991244 cc_score=9923852203213193216.000000 ov_score=63755513856.000000 Q={ 0.977 0.150 0.150 0.000 } Tran={ 115 16 114 } 
*25 T(A)={ 47.581 -20.992 62.054 } Overlap= 0.501889 CC= 0.752848 MTX={ 0.954890133 0.293513150 0.045109867 -0.293513150 0.909780266 0.293513150 0.045109867 -0.293513150 0.954890133 } score=0.902074 cc_score=8137867637460828160.000000 ov_score=47074770944.000000 Q={ 0.977 -0.150 0.000 -0.150 } Tran={ 115 22 106 } 
*50 T(A)={ 48.910 -20.521 58.249 } Overlap= 0.597362 CC= 0.793878 MTX={ 0.886147429 0.109245152 -0.450342348 -0.176122920 0.978287388 -0.109245152 0.428629736 0.176122920 0.886147429 } score=0.954186 cc_score=8559814570468704256.000000 ov_score=55945723904.000000 Q={ 0.968 0.074 -0.227 -0.074 } Tran={ 114 21 108 } 
*65 T(A)={ 27.088 -11.347 25.586 } Overlap= 0.607204 CC= 0.801385 MTX={ 0.891161936 0.037941625 -0.452095950 -0.234861012 0.891161936 -0.388163136 0.388163136 0.452095950 0.803080612 } score=0.959031 cc_score=8302838911848153088.000000 ov_score=56878956544.000000 Q={ 0.947 0.222 -0.222 -0.072 } Tran={ 8 12 12 } 
*5 T(A)={ 47.930 -18.619 55.339 } Overlap= 0.612510 CC= 0.820398 MTX={ 0.977238847 0.160955336 0.138194183 -0.138194183 0.977238847 -0.160955336 -0.160955336 0.138194183 0.977238847 } score=0.983761 cc_score=8761273687979589632.000000 ov_score=57375981568.000000 Q={ 0.991 0.075 0.075 -0.075 } Tran={ 115 19 112 } 
*35 T(A)={ 47.595 -15.024 52.448 } Overlap= 0.725660 CC= 0.887432 MTX={ 0.978287388 -0.109245152 0.176122920 0.176122920 0.886147429 -0.428629736 -0.109245152 0.450342348 0.886147429 } score=0.996977 cc_score=11233811456057147392.000000 ov_score=67930939392.000000 Q={ 0.968 0.227 0.074 0.074 } Tran={ 116 15 114 } 
*55 T(A)={ 52.369 -15.216 60.674 } Overlap= 0.571166 CC= 0.799598 MTX={ 0.886147429 -0.428629736 -0.176122920 0.450342348 0.886147429 0.109245152 0.109245152 -0.176122920 0.978287388 } score=0.951929 cc_score=7514142728570011648.000000 ov_score=53498347520.000000 Q={ 0.968 -0.074 -0.074 0.227 } Tran={ 112 15 107 } 
*90 T(A)={ 20.163 4.379 24.298 } Overlap= 0.702897 CC= 0.844234 MTX={ 0.811386984 0.496713890 -0.308100874 -0.308100874 0.811386984 0.496713890 0.496713890 -0.308100874 0.811386984 } score=0.956945 cc_score=7013698361920323584.000000 ov_score=65844281344.000000 Q={ 0.927 -0.217 -0.217 -0.217 } Tran={ 14 125 15 } 
*60 T(A)={ 49.156 -17.397 59.031 } Overlap= 0.564284 CC= 0.799505 MTX={ 0.891161936 -0.234861012 0.388163136 0.037941625 0.891161936 0.452095950 -0.452095950 -0.388163136 0.803080612 } score=0.972788 cc_score=7873868848317857792.000000 ov_score=52888076288.000000 Q={ 0.947 -0.222 0.222 0.072 } Tran={ 115 18 110 } 
*95 T(A)={ 46.098 -22.421 57.930 } Overlap= 0.524109 CC= 0.758588 MTX={ 0.814547320 0.580097031 0.000000000 -0.580097031 0.814547320 -0.000000000 -0.000000000 0.000000000 1.000000000 } score=0.965409 cc_score=8698943473312595968.000000 ov_score=49054478336.000000 Q={ 0.953 0.000 0.000 -0.305 } Tran={ 116 24 109 } 
*30 T(A)={ 28.792 -10.025 31.805 } Overlap= 0.671583 CC= 0.848461 MTX={ 0.911769615 -0.242924655 -0.331155040 0.331155040 0.911769615 0.242924655 0.242924655 -0.331155040 0.911769615 } score=0.983632 cc_score=7036152038626951168.000000 ov_score=62925045760.000000 Q={ 0.966 -0.149 -0.149 0.149 } Tran={ 7 10 8 } 
*10 T(A)={ 50.725 -19.566 61.163 } Overlap= 0.531638 CC= 0.772413 MTX={ 1.000000000 -0.000000000 0.000000000 0.000000000 0.953849134 0.300286262 -0.000000000 -0.300286262 0.953849134 } score=0.940676 cc_score=7551079722193518592.000000 ov_score=49794777088.000000 Q={ 0.988 -0.152 0.000 0.000 } Tran={ 112 20 107 } 
*71 T(A)={ 52.528 -15.752 58.716 } Overlap= 0.562259 CC= 0.790436 MTX={ 0.891161936 -0.452095950 0.037941625 0.388163136 0.803080612 0.452095950 -0.234861012 -0.388163136 0.891161936 } score=0.949860 cc_score=7487427344794124288.000000 ov_score=52688846848.000000 Q={ 0.947 -0.222 0.072 0.222 } Tran={ 112 16 110 } 
*41 T(A)={ 46.883 -17.436 55.086 } Overlap= 0.650513 CC= 0.847620 MTX={ 0.978287388 0.109245152 -0.176122920 -0.176122920 0.886147429 -0.428629736 0.109245152 0.450342348 0.886147429 } score=0.926775 cc_score=7886445062316359680.000000 ov_score=60945326080.000000 Q={ 0.968 0.227 -0.074 -0.074 } Tran={ 116 18 111 } 
*76 T(A)={ 48.825 -14.075 55.205 } Overlap= 0.666719 CC= 0.856170 MTX={ 0.803080612 -0.452095950 0.388163136 0.388163136 0.891161936 0.234861012 -0.452095950 -0.037941625 0.891161936 } score=0.991640 cc_score=9892613978356449280.000000 ov_score=62430109696.000000 Q={ 0.947 -0.072 0.222 0.222 } Tran={ 116 14 113 } 
*46 T(A)={ 26.632 -9.020 26.373 } Overlap= 0.663525 CC= 0.833271 MTX={ 0.886147429 -0.176122920 -0.428629736 0.109245152 0.978287388 -0.176122920 0.450342348 0.109245152 0.886147429 } score=0.994486 cc_score=8283021314269118464.000000 ov_score=62161678336.000000 Q={ 0.968 0.074 -0.227 0.074 } Tran={ 9 9 12 } 
*0 T(A)={ 48.711 -18.317 57.929 } Overlap= 0.608534 CC= 0.821168 MTX={ 1.000000000 0.000000000 0.000000000 0.000000000 1.000000000 0.000000000 0.000000000 0.000000000 1.000000000 } score=0.987266 cc_score=8391030189756252160.000000 ov_score=57004773376.000000 Q={ 1.000 0.000 0.000 0.000 } Tran={ 114 18 109 } 
*21 T(A)={ 47.539 -20.252 54.751 } Overlap= 0.602391 CC= 0.810067 MTX={ 0.954890133 0.293513150 -0.045109867 -0.293513150 0.909780266 -0.293513150 -0.045109867 0.293513150 0.954890133 } score=0.961737 cc_score=8511671354334904320.000000 ov_score=56428068864.000000 Q={ 0.977 0.150 0.000 -0.150 } Tran={ 115 21 112 } 
*16 T(A)={ 49.522 -18.498 59.593 } Overlap= 0.558990 CC= 0.793196 MTX={ 0.954890133 -0.045109867 0.293513150 -0.045109867 0.954890133 0.293513150 -0.293513150 -0.293513150 0.909780266 } score=0.974027 cc_score=8100688751279210496.000000 ov_score=52374269952.000000 Q={ 0.977 -0.150 0.150 0.000 } Tran={ 114 19 109 } 
*81 T(A)={ 17.274 6.512 23.955 } Overlap= 0.658466 CC= 0.818653 MTX={ 0.891161936 0.452095950 -0.037941625 -0.388163136 0.803080612 0.452095950 0.234861012 -0.388163136 0.891161936 } score=0.956769 cc_score=7193349216050085888.000000 ov_score=61631098880.000000 Q={ 0.947 -0.222 -0.072 -0.222 } Tran={ 17 123 16 } 
*26 T(A)={ 47.493 -20.197 59.817 } Overlap= 0.558008 CC= 0.779522 MTX={ 0.909780266 0.293513150 -0.293513150 -0.293513150 0.954890133 0.045109867 0.293513150 0.045109867 0.954890133 } score=0.940078 cc_score=8695392600510693376.000000 ov_score=52229570560.000000 Q={ 0.977 0.000 -0.150 -0.150 } Tran={ 115 21 107 } 
*66 T(A)={ 24.639 -6.291 27.551 } Overlap= 0.698527 CC= 0.856227 MTX={ 0.891161936 0.234861012 -0.388163136 -0.037941625 0.891161936 0.452095950 0.452095950 -0.388163136 0.803080612 } score=0.984590 cc_score=7701047610664026112.000000 ov_score=65429041152.000000 Q={ 0.947 -0.222 -0.222 -0.072 } Tran={ 10 7 12 } 
*6 T(A)={ 48.989 -18.434 58.033 } Overlap= 0.573593 CC= 0.791480 MTX={ 0.977238847 0.138194183 0.160955336 -0.160955336 0.977238847 0.138194183 -0.138194183 -0.160955336 0.977238847 } score=0.987593 cc_score=8217256225276952576.000000 ov_score=53752094720.000000 Q={ 0.991 -0.075 0.075 -0.075 } Tran={ 114 19 110 } 
*86 T(A)={ 30.044 -11.019 30.057 } Overlap= 0.693549 CC= 0.866286 MTX={ 0.811386984 -0.308100874 -0.496713890 0.496713890 0.811386984 0.308100874 0.308100874 -0.496713890 0.811386984 } score=0.997301 cc_score=8173339531840323584.000000 ov_score=64908951552.000000 Q={ 0.927 -0.217 -0.217 0.217 } Tran={ 6 11 10 } 
*51 T(A)={ 50.446 -14.328 57.866 } Overlap= 0.645996 CC= 0.831537 MTX={ 0.886147429 -0.450342348 -0.109245152 0.428629736 0.886147429 -0.176122920 0.176122920 0.109245152 0.978287388 } score=0.987450 cc_score=8407801590370533376.000000 ov_score=60492345344.000000 Q={ 0.968 0.074 -0.074 0.227 } Tran={ 114 14 109 } 
*56 T(A)={ 48.327 -18.409 57.509 } Overlap= 0.566632 CC= 0.792207 MTX={ 0.886147429 0.109245152 0.450342348 -0.176122920 0.978287388 0.109245152 -0.428629736 -0.176122920 0.886147429 } score=0.978871 cc_score=8185349497350520832.000000 ov_score=53047455744.000000 Q={ 0.968 -0.074 0.227 -0.074 } Tran={ 115 19 111 } 
*91 T(A)={ 46.711 -14.636 52.921 } Overlap= 0.716246 CC= 0.879064 MTX={ 1.000000000 0.000000000 0.000000000 0.000000000 0.814547320 -0.580097031 0.000000000 0.580097031 0.814547320 } score=0.995750 cc_score=10439358229895970816.000000 ov_score=67117248512.000000 Q={ 0.953 0.305 0.000 0.000 } Tran={ 116 15 113 } 
*36 T(A)={ 28.739 -10.508 20.719 } Overlap= 0.517211 CC= 0.735441 MTX={ 0.978287388 -0.176122920 0.109245152 0.109245152 0.886147429 0.450342348 -0.176122920 -0.428629736 0.886147429 } score=0.936579 cc_score=7913387495243382784.000000 ov_score=48463081472.000000 Q={ 0.968 -0.227 0.074 0.074 } Tran={ 7 11 20 } 
*96 T(A)={ 23.254 -8.312 27.389 } Overlap= 0.691763 CC= 0.855893 MTX={ 0.814547320 -0.000000000 -0.580097031 0.000000000 1.000000000 -0.000000000 0.580097031 0.000000000 0.814547320 } score=0.990940 cc_score=8882422826930274304.000000 ov_score=64762146816.000000 Q={ 0.953 0.000 -0.305 0.000 } Tran={ 12 8 11 } 
*61 T(A)={ 26.802 -8.824 24.645 } Overlap= 0.624132 CC= 0.811731 MTX={ 0.891161936 -0.234861012 -0.388163136 0.037941625 0.891161936 -0.452095950 0.452095950 0.388163136 0.803080612 } score=0.962464 cc_score=8792014383824764928.000000 ov_score=58437136384.000000 Q={ 0.947 0.222 -0.222 0.072 } Tran={ 9 9 13 } 
*11 T(A)={ 50.009 -15.192 57.935 } Overlap= 0.631630 CC= 0.837386 MTX={ 0.953849134 -0.300286262 0.000000000 0.300286262 0.953849134 0.000000000 0.000000000 0.000000000 1.000000000 } score=0.983310 cc_score=7911566154231971840.000000 ov_score=59166949376.000000 Q={ 0.988 0.000 0.000 0.152 } Tran={ 114 15 109 } 
*77 T(A)={ 24.339 -12.779 19.207 } Overlap= 0.537809 CC= 0.765784 MTX={ 0.891161936 0.388163136 -0.234861012 -0.452095950 0.803080612 -0.388163136 0.037941625 0.452095950 0.891161936 } score=0.933435 cc_score=10014029748876869632.000000 ov_score=50384068608.000000 Q={ 0.947 0.222 -0.072 -0.222 } Tran={ 10 14 19 } 
*72 T(A)={ 47.606 -20.034 56.024 } Overlap= 0.550435 CC= 0.777551 MTX={ 0.803080612 0.452095950 0.388163136 -0.388163136 0.891161936 -0.234861012 -0.452095950 0.037941625 0.891161936 } score=0.957774 cc_score=8595880750883012608.000000 ov_score=51520733184.000000 Q={ 0.947 0.072 0.222 -0.222 } Tran={ 115 21 112 } 
*47 T(A)={ 50.556 -14.156 57.975 } Overlap= 0.614152 CC= 0.828140 MTX={ 0.886147429 -0.450342348 0.109245152 0.428629736 0.886147429 0.176122920 -0.176122920 -0.109245152 0.978287388 } score=0.968970 cc_score=7879512091747418112.000000 ov_score=57554239488.000000 Q={ 0.968 -0.074 0.074 0.227 } Tran={ 114 14 110 } 
*42 T(A)={ 25.772 -8.148 29.136 } Overlap= 0.643280 CC= 0.817299 MTX={ 0.978287388 0.176122920 -0.109245152 -0.109245152 0.886147429 0.450342348 0.176122920 -0.428629736 0.886147429 } score=0.907032 cc_score=6239204020582350848.000000 ov_score=60202938368.000000 Q={ 0.968 -0.227 -0.074 -0.074 } Tran={ 9 9 11 } 
*17 T(A)={ 49.258 -18.771 56.195 } Overlap= 0.643703 CC= 0.832702 MTX={ 0.954890133 -0.045109867 -0.293513150 -0.045109867 0.954890133 -0.293513150 0.293513150 0.293513150 0.909780266 } score=0.967498 cc_score=7939820304530931712.000000 ov_score=60295208960.000000 Q={ 0.977 0.150 -0.150 0.000 } Tran={ 114 19 110 } 
*22 T(A)={ 52.937 -16.204 60.034 } Overlap= 0.596994 CC= 0.803790 MTX={ 0.909780266 -0.293513150 -0.293513150 0.293513150 0.954890133 -0.045109867 0.293513150 -0.045109867 0.954890133 } score=0.961899 cc_score=7622874532952408064.000000 ov_score=55897489408.000000 Q={ 0.977 0.000 -0.150 0.150 } Tran={ 111 16 107 } 
*67 T(A)={ 48.459 -14.252 53.327 } Overlap= 0.734855 CC= 0.887477 MTX={ 0.891161936 -0.388163136 0.234861012 0.452095950 0.803080612 -0.388163136 -0.037941625 0.452095950 0.891161936 } score=0.997498 cc_score=11440477860637179904.000000 ov_score=68811751424.000000 Q={ 0.947 0.222 0.072 0.222 } Tran={ 116 14 113 } 
*82 T(A)={ 23.240 -3.802 25.739 } Overlap= 0.667905 CC= 0.822076 MTX={ 0.803080612 0.452095950 -0.388163136 -0.388163136 0.891161936 0.234861012 0.452095950 -0.037941625 0.891161936 } score=0.902459 cc_score=6243536096395788288.000000 ov_score=62587396096.000000 Q={ 0.947 -0.072 -0.222 -0.222 } Tran={ 11 5 13 } 
*31 T(A)={ 47.650 -19.359 55.336 } Overlap= 0.601017 CC= 0.816313 MTX={ 0.911769615 0.331155040 0.242924655 -0.242924655 0.911769615 -0.331155040 -0.331155040 0.242924655 0.911769615 } score=0.974530 cc_score=9119178466716024832.000000 ov_score=56247705600.000000 Q={ 0.966 0.149 0.149 -0.149 } Tran={ 115 20 112 } 
*27 T(A)={ 48.111 -14.248 52.965 } Overlap= 0.726921 CC= 0.890588 MTX={ 0.911769615 -0.242924655 0.331155040 0.331155040 0.911769615 -0.242924655 -0.242924655 0.331155040 0.911769615 } score=0.995837 cc_score=11632407510870130688.000000 ov_score=68184694784.000000 Q={ 0.966 0.149 0.149 0.149 } Tran={ 116 14 114 } 
*87 T(A)={ 47.438 -18.092 53.383 } Overlap= 0.616883 CC= 0.819825 MTX={ 0.811386984 0.496713890 0.308100874 -0.308100874 0.811386984 -0.496713890 -0.496713890 0.308100874 0.811386984 } score=0.977494 cc_score=8588965922255929344.000000 ov_score=57793314816.000000 Q={ 0.927 0.217 0.217 -0.217 } Tran={ 115 19 114 } 
*57 T(A)={ 47.237 -20.762 60.400 } Overlap= 0.524076 CC= 0.759277 MTX={ 0.886147429 0.450342348 -0.109245152 -0.428629736 0.886147429 0.176122920 0.176122920 -0.109245152 0.978287388 } score=0.912318 cc_score=8462768375666311168.000000 ov_score=49096417280.000000 Q={ 0.968 -0.074 -0.074 -0.227 } Tran={ 115 22 107 } 
*7 T(A)={ 47.824 -19.552 56.796 } Overlap= 0.607128 CC= 0.812808 MTX={ 0.977238847 0.138194183 -0.160955336 -0.160955336 0.977238847 -0.138194183 0.138194183 0.160955336 0.977238847 } score=0.982799 cc_score=8551879395051044864.000000 ov_score=56876855296.000000 Q={ 0.991 0.075 -0.075 -0.075 } Tran={ 115 20 110 } 
*97 T(A)={ 48.193 -14.782 53.369 } Overlap= 0.718325 CC= 0.889076 MTX={ 0.958038693 0.087284223 0.273026166 0.087284223 0.818439030 -0.567925037 -0.273026166 0.567925037 0.776477724 } score=0.994800 cc_score=12208658256452648960.000000 ov_score=67236790272.000000 Q={ 0.942 0.301 0.145 0.000 } Tran={ 115 15 113 } 
*52 T(A)={ 49.014 -15.857 56.378 } Overlap= 0.619546 CC= 0.830831 MTX={ 0.886147429 -0.176122920 0.428629736 0.109245152 0.978287388 0.176122920 -0.450342348 -0.109245152 0.886147429 } score=0.979471 cc_score=8503346951801012224.000000 ov_score=58032390144.000000 Q={ 0.968 -0.074 0.227 0.074 } Tran={ 115 16 112 } 
*37 T(A)={ 48.618 -16.909 54.046 } Overlap= 0.691206 CC= 0.864286 MTX={ 0.978287388 -0.176122920 -0.109245152 0.109245152 0.886147429 -0.450342348 0.176122920 0.428629736 0.886147429 } score=0.987286 cc_score=9088534527894093824.000000 ov_score=64701333504.000000 Q={ 0.968 0.227 -0.074 0.074 } Tran={ 115 17 112 } 
*1 T(A)={ 48.657 -16.089 55.250 } Overlap= 0.663630 CC= 0.855678 MTX={ 0.977238847 -0.138194183 0.160955336 0.160955336 0.977238847 -0.138194183 -0.138194183 0.160955336 0.977238847 } score=0.988146 cc_score=9414593601599438848.000000 ov_score=62178451456.000000 Q={ 0.991 0.075 0.075 0.075 } Tran={ 115 16 112 } 
*92 T(A)={ 26.712 -6.095 27.764 } Overlap= 0.652125 CC= 0.819528 MTX={ 1.000000000 -0.000000000 0.000000000 0.000000000 0.814547320 0.580097031 -0.000000000 -0.580097031 0.814547320 } score=0.928505 cc_score=6376407128810192896.000000 ov_score=61100515328.000000 Q={ 0.953 -0.305 0.000 0.000 } Tran={ 8 7 13 } 
*62 T(A)={ 28.276 -8.742 28.809 } Overlap= 0.699055 CC= 0.874177 MTX={ 0.891161936 -0.037941625 -0.452095950 0.234861012 0.891161936 0.388163136 0.388163136 -0.452095950 0.803080612 } score=0.995137 cc_score=8659308278154526720.000000 ov_score=65452105728.000000 Q={ 0.947 -0.222 -0.222 0.072 } Tran={ 7 9 11 } 
*12 T(A)={ 48.429 -17.322 55.904 } Overlap= 0.615424 CC= 0.824750 MTX={ 0.953849134 0.000000000 0.300286262 0.000000000 1.000000000 0.000000000 -0.300286262 0.000000000 0.953849134 } score=0.976937 cc_score=8724608823483957248.000000 ov_score=57686351872.000000 Q={ 0.988 0.000 0.152 0.000 } Tran={ 115 17 112 } 
*78 T(A)={ 29.282 -9.275 31.320 } Overlap= 0.681572 CC= 0.851587 MTX={ 0.803080612 -0.388163136 -0.452095950 0.452095950 0.891161936 0.037941625 0.388163136 -0.234861012 0.891161936 } score=0.975628 cc_score=7504920025036226560.000000 ov_score=63772295168.000000 Q={ 0.947 -0.072 -0.222 0.222 } Tran={ 7 9 8 } 
*73 T(A)={ 16.547 8.577 22.549 } Overlap= 0.622832 CC= 0.805252 MTX={ 0.891161936 0.388163136 0.234861012 -0.452095950 0.803080612 0.388163136 -0.037941625 -0.452095950 0.891161936 } score=0.949933 cc_score=7025915585372356608.000000 ov_score=58363731968.000000 Q={ 0.947 -0.222 0.072 -0.222 } Tran={ 18 121 18 } 
*43 T(A)={ 50.520 -14.322 55.172 } Overlap= 0.684009 CC= 0.856947 MTX={ 0.886147429 -0.428629736 0.176122920 0.450342348 0.886147429 -0.109245152 -0.109245152 0.176122920 0.978287388 } score=0.989072 cc_score=9676056367172943872.000000 ov_score=64049119232.000000 Q={ 0.968 0.074 0.074 0.227 } Tran={ 114 14 112 } 
*48 T(A)={ 48.166 -17.672 53.841 } Overlap= 0.616245 CC= 0.817730 MTX={ 0.886147429 0.176122920 0.428629736 -0.109245152 0.978287388 -0.176122920 -0.450342348 0.109245152 0.886147429 } score=0.976480 cc_score=8606795602811944960.000000 ov_score=57772335104.000000 Q={ 0.968 0.074 0.227 -0.074 } Tran={ 115 18 114 } 
*68 T(A)={ 48.689 -14.304 53.437 } Overlap= 0.721700 CC= 0.889427 MTX={ 0.803080612 -0.388163136 0.452095950 0.452095950 0.891161936 -0.037941625 -0.388163136 0.234861012 0.891161936 } score=0.994857 cc_score=11862915725586857984.000000 ov_score=67599589376.000000 Q={ 0.947 0.072 0.222 0.222 } Tran={ 116 14 114 } 
*18 T(A)={ 26.048 -7.623 29.614 } Overlap= 0.678144 CC= 0.839084 MTX={ 0.954890133 0.045109867 -0.293513150 0.045109867 0.954890133 0.293513150 0.293513150 -0.293513150 0.909780266 } score=0.975206 cc_score=7247192300462276608.000000 ov_score=63606616064.000000 Q={ 0.977 -0.150 -0.150 0.000 } Tran={ 9 8 10 } 
*83 T(A)={ 48.510 -14.307 51.611 } Overlap= 0.756205 CC= 0.903947 MTX={ 0.811386984 -0.308100874 0.496713890 0.496713890 0.811386984 -0.308100874 -0.308100874 0.496713890 0.811386984 } score=0.996460 cc_score=12835771310424457216.000000 ov_score=70799843328.000000 Q={ 0.927 0.217 0.217 0.217 } Tran={ 116 14 115 } 
*23 T(A)={ 28.985 -7.930 22.191 } Overlap= 0.549414 CC= 0.752888 MTX={ 0.954890133 -0.293513150 -0.045109867 0.293513150 0.909780266 0.293513150 -0.045109867 -0.293513150 0.954890133 } score=0.942002 cc_score=7264516755425329152.000000 ov_score=51403284480.000000 Q={ 0.977 -0.150 0.000 0.150 } Tran={ 7 8 18 } 
*28 T(A)={ 50.276 -15.843 58.522 } Overlap= 0.597153 CC= 0.822815 MTX={ 0.911769615 -0.331155040 0.242924655 0.242924655 0.911769615 0.331155040 -0.331155040 -0.242924655 0.911769615 } score=0.979536 cc_score=7968872700271656960.000000 ov_score=55956201472.000000 Q={ 0.966 -0.149 0.149 0.149 } Tran={ 114 16 110 } 
*58 T(A)={ 23.767 -6.520 27.902 } Overlap= 0.684705 CC= 0.838732 MTX={ 0.886147429 0.176122920 -0.428629736 -0.109245152 0.978287388 0.176122920 0.450342348 -0.109245152 0.886147429 } score=0.965333 cc_score=7583117841759469568.000000 ov_score=64133001216.000000 Q={ 0.968 -0.074 -0.227 -0.074 } Tran={ 11 7 11 } 
*88 T(A)={ 16.000 9.594 23.069 } Overlap= 0.603851 CC= 0.807568 MTX={ 0.811386984 0.308100874 0.496713890 -0.496713890 0.811386984 0.308100874 -0.308100874 -0.496713890 0.811386984 } score=0.943302 cc_score=6754400534741909504.000000 ov_score=56562278400.000000 Q={ 0.927 -0.217 0.217 -0.217 } Tran={ 19 120 18 } 
*98 T(A)={ 25.623 -9.965 21.165 } Overlap= 0.525642 CC= 0.743807 MTX={ 0.958038693 -0.087284223 0.273026166 -0.087284223 0.818439030 0.567925037 -0.273026166 -0.567925037 0.776477724 } score=0.918768 cc_score=8065162431074140160.000000 ov_score=49245315072.000000 Q={ 0.942 -0.301 0.145 0.000 } Tran={ 10 11 20 } 
*38 T(A)={ 28.435 -7.627 29.307 } Overlap= 0.660861 CC= 0.831190 MTX={ 0.978287388 -0.109245152 -0.176122920 0.176122920 0.886147429 0.428629736 0.109245152 -0.450342348 0.886147429 } score=0.963315 cc_score=6657939280125493248.000000 ov_score=61903732736.000000 Q={ 0.968 -0.227 -0.074 0.074 } Tran={ 7 8 11 } 
*93 T(A)={ 50.944 -13.300 58.937 } Overlap= 0.611691 CC= 0.818992 MTX={ 0.814547320 -0.580097031 0.000000000 0.580097031 0.814547320 0.000000000 0.000000000 0.000000000 1.000000000 } score=0.970115 cc_score=8316553120381403136.000000 ov_score=57254346752.000000 Q={ 0.953 0.000 0.000 0.305 } Tran={ 114 13 108 } 
*8 T(A)={ 48.794 -19.471 60.487 } Overlap= 0.550866 CC= 0.781976 MTX={ 0.977238847 0.160955336 -0.138194183 -0.138194183 0.977238847 0.160955336 0.160955336 -0.138194183 0.977238847 } score=0.945596 cc_score=7836888973740867584.000000 ov_score=51600424960.000000 Q={ 0.991 -0.075 -0.075 -0.075 } Tran={ 114 20 107 } 
*2 T(A)={ 49.704 -15.905 58.021 } Overlap= 0.608018 CC= 0.824307 MTX={ 0.977238847 -0.160955336 0.138194183 0.138194183 0.977238847 0.160955336 -0.160955336 -0.138194183 0.977238847 } score=0.977275 cc_score=7678729723643428864.000000 ov_score=56933478400.000000 Q={ 0.991 -0.075 0.075 0.075 } Tran={ 114 16 110 } 
*32 T(A)={ 47.914 -20.955 59.598 } Overlap= 0.528054 CC= 0.760594 MTX={ 0.911769615 0.242924655 0.331155040 -0.331155040 0.911769615 0.242924655 -0.242924655 -0.331155040 0.911769615 } score=0.945749 cc_score=8344150312482766848.000000 ov_score=49520050176.000000 Q={ 0.966 -0.149 0.149 -0.149 } Tran={ 115 22 109 } 
*63 T(A)={ 48.996 -14.696 54.121 } Overlap= 0.669890 CC= 0.858572 MTX={ 0.891161936 0.234861012 0.388163136 -0.037941625 0.891161936 -0.452095950 -0.452095950 0.388163136 0.803080612 } score=0.991392 cc_score=10453447371894292480.000000 ov_score=62755176448.000000 Q={ 0.947 0.222 0.222 -0.072 } Tran={ 114 15 113 } 
*13 T(A)={ 48.556 -20.211 57.939 } Overlap= 0.562159 CC= 0.785344 MTX={ 0.953849134 0.300286262 0.000000000 -0.300286262 0.953849134 -0.000000000 -0.000000000 0.000000000 1.000000000 } score=0.975532 cc_score=8442591237784993792.000000 ov_score=52669972480.000000 Q={ 0.988 0.000 0.000 -0.152 } Tran={ 114 21 109 } 
*44 T(A)={ 47.878 -15.093 53.646 } Overlap= 0.692719 CC= 0.868802 MTX={ 0.886147429 -0.109245152 0.450342348 0.176122920 0.978287388 -0.109245152 -0.428629736 0.176122920 0.886147429 } score=0.995467 cc_score=10668042354822217728.000000 ov_score=64869105664.000000 Q={ 0.968 0.074 0.227 0.074 } Tran={ 116 15 114 } 
*74 T(A)={ 46.375 -21.833 58.171 } Overlap= 0.552469 CC= 0.767151 MTX={ 0.803080612 0.388163136 -0.452095950 -0.452095950 0.891161936 -0.037941625 0.388163136 0.234861012 0.891161936 } score=0.935859 cc_score=8209274870370926592.000000 ov_score=51759804416.000000 Q={ 0.947 0.072 -0.222 -0.222 } Tran={ 116 23 108 } 
*79 T(A)={ 29.229 -7.900 24.429 } Overlap= 0.606731 CC= 0.790498 MTX={ 0.891161936 -0.388163136 -0.234861012 0.452095950 0.803080612 0.388163136 0.037941625 -0.452095950 0.891161936 } score=0.949297 cc_score=7332207089277730816.000000 ov_score=56788779008.000000 Q={ 0.947 -0.222 -0.072 0.222 } Tran={ 7 8 16 } 
*53 T(A)={ 47.267 -20.865 57.811 } Overlap= 0.552289 CC= 0.778206 MTX={ 0.886147429 0.428629736 -0.176122920 -0.450342348 0.886147429 -0.109245152 0.109245152 0.176122920 0.978287388 } score=0.967616 cc_score=8414964908625494016.000000 ov_score=51722055680.000000 Q={ 0.968 0.074 -0.074 -0.227 } Tran={ 115 22 109 } 
*69 T(A)={ 47.283 -18.906 55.802 } Overlap= 0.602876 CC= 0.818411 MTX={ 0.891161936 0.452095950 0.037941625 -0.388163136 0.803080612 -0.452095950 -0.234861012 0.388163136 0.891161936 } score=0.976257 cc_score=9102070615543644160.000000 ov_score=56440647680.000000 Q={ 0.947 0.222 0.072 -0.222 } Tran={ 115 20 111 } 
*19 T(A)={ 49.029 -15.204 55.620 } Overlap= 0.685885 CC= 0.865599 MTX={ 0.954890133 -0.293513150 0.045109867 0.293513150 0.909780266 -0.293513150 0.045109867 0.293513150 0.954890133 } score=0.993518 cc_score=9649752750501658624.000000 ov_score=64191721472.000000 Q={ 0.977 0.150 0.000 0.150 } Tran={ 115 15 111 } 
*49 T(A)={ 46.422 -21.761 59.018 } Overlap= 0.521621 CC= 0.759167 MTX={ 0.886147429 0.428629736 0.176122920 -0.450342348 0.886147429 0.109245152 -0.109245152 -0.176122920 0.978287388 } score=0.955680 cc_score=8453260898620932096.000000 ov_score=48823791616.000000 Q={ 0.968 -0.074 0.074 -0.227 } Tran={ 116 23 109 } 
*24 T(A)={ 47.785 -20.256 56.997 } Overlap= 0.563255 CC= 0.785718 MTX={ 0.909780266 0.293513150 0.293513150 -0.293513150 0.954890133 -0.045109867 -0.293513150 -0.045109867 0.954890133 } score=0.986233 cc_score=8986451470324858880.000000 ov_score=52810481664.000000 Q={ 0.977 0.000 0.150 -0.150 } Tran={ 115 21 111 } 
*84 T(A)={ 49.883 -15.621 56.910 } Overlap= 0.616828 CC= 0.824896 MTX={ 0.811386984 -0.496713890 0.308100874 0.308100874 0.811386984 0.496713890 -0.496713890 -0.308100874 0.811386984 } score=0.989038 cc_score=8847324766504222720.000000 ov_score=57854124032.000000 Q={ 0.927 -0.217 0.217 0.217 } Tran={ 115 16 112 } 
*29 T(A)={ 52.057 -16.151 57.252 } Overlap= 0.646889 CC= 0.829934 MTX={ 0.911769615 -0.331155040 -0.242924655 0.242924655 0.911769615 -0.331155040 0.331155040 0.242924655 0.911769615 } score=0.966672 cc_score=7973167392689750016.000000 ov_score=60567842816.000000 Q={ 0.966 0.149 -0.149 0.149 } Tran={ 112 16 109 } 
*59 T(A)={ 47.688 -14.115 52.865 } Overlap= 0.725011 CC= 0.892751 MTX={ 0.891161936 -0.037941625 0.452095950 0.234861012 0.891161936 -0.388163136 -0.388163136 0.452095950 0.803080612 } score=0.993718 cc_score=12101798920372355072.000000 ov_score=67886899200.000000 Q={ 0.947 0.222 0.222 0.072 } Tran={ 116 14 114 } 
*89 T(A)={ 24.527 -13.682 21.619 } Overlap= 0.553880 CC= 0.774711 MTX={ 0.811386984 0.308100874 -0.496713890 -0.496713890 0.811386984 -0.308100874 0.308100874 0.496713890 0.811386984 } score=0.952498 cc_score=9049594773840592896.000000 ov_score=51902410752.000000 Q={ 0.927 0.217 -0.217 -0.217 } Tran={ 10 15 16 } 
*99 T(A)={ 47.367 -15.485 53.496 } Overlap= 0.698687 CC= 0.859947 MTX={ 0.958038693 -0.087284223 -0.273026166 -0.087284223 0.818439030 -0.567925037 0.273026166 0.567925037 0.776477724 } score=0.960435 cc_score=8479893269268922368.000000 ov_score=65483563008.000000 Q={ 0.942 0.301 -0.145 0.000 } Tran={ 116 16 112 } 
*39 T(A)={ 46.865 -14.563 54.611 } Overlap= 0.669862 CC= 0.861202 MTX={ 0.978287388 0.176122920 0.109245152 -0.109245152 0.886147429 -0.450342348 -0.176122920 0.428629736 0.886147429 } score=0.991089 cc_score=9334484283911307264.000000 ov_score=62730006528.000000 Q={ 0.968 0.227 0.074 -0.074 } Tran={ 116 15 112 } 
*94 T(A)={ 48.792 -16.304 55.294 } Overlap= 0.620363 CC= 0.822579 MTX={ 0.814547320 0.000000000 0.580097031 0.000000000 1.000000000 0.000000000 -0.580097031 0.000000000 0.814547320 } score=0.979532 cc_score=8958303422897979392.000000 ov_score=58151927808.000000 Q={ 0.953 0.000 0.305 0.000 } Tran={ 115 16 113 } 
*3 T(A)={ 49.580 -17.058 57.823 } Overlap= 0.644050 CC= 0.842633 MTX={ 0.977238847 -0.160955336 -0.138194183 0.138194183 0.977238847 -0.160955336 0.160955336 0.138194183 0.977238847 } score=0.989225 cc_score=8400934590499258368.000000 ov_score=60337152000.000000 Q={ 0.991 0.075 -0.075 0.075 } Tran={ 114 17 109 } 
*100 T(A)={ 26.950 -7.252 29.275 } Overlap= 0.698104 CC= 0.866778 MTX={ 0.958038693 0.087284223 -0.273026166 0.087284223 0.818439030 0.567925037 0.273026166 -0.567925037 0.776477724 } score=0.987368 cc_score=8302745453359792128.000000 ov_score=65477275648.000000 Q={ 0.942 -0.301 -0.145 0.000 } Tran={ 8 8 11 } 
*9 T(A)={ 47.717 -17.853 55.665 } Overlap= 0.652321 CC= 0.853728 MTX={ 1.000000000 0.000000000 0.000000000 0.000000000 0.953849134 -0.300286262 0.000000000 0.300286262 0.953849134 } score=0.982526 cc_score=8946705774248198144.000000 ov_score=61094227968.000000 Q={ 0.988 0.152 0.000 0.000 } Tran={ 115 18 111 } 
*64 T(A)={ 49.514 -19.998 60.091 } Overlap= 0.529081 CC= 0.763515 MTX={ 0.891161936 0.037941625 0.452095950 -0.234861012 0.891161936 0.388163136 -0.388163136 -0.452095950 0.803080612 } score=0.946919 cc_score=8122697675532402688.000000 ov_score=49580867584.000000 Q={ 0.947 -0.222 0.222 -0.072 } Tran={ 114 21 109 } 
*105 T(A)={ 52.858 -14.068 60.228 } Overlap= 0.557885 CC= 0.792322 MTX={ 0.818439030 -0.567925037 -0.087284223 0.567925037 0.776477724 0.273026166 -0.087284223 -0.273026166 0.958038693 } score=0.952007 cc_score=7816118649336365056.000000 ov_score=52227473408.000000 Q={ 0.942 -0.145 0.000 0.301 } Tran={ 112 14 108 } 
*14 T(A)={ 49.154 -18.313 59.917 } Overlap= 0.594736 CC= 0.807839 MTX={ 0.953849134 -0.000000000 -0.300286262 0.000000000 1.000000000 -0.000000000 0.300286262 0.000000000 0.953849134 } score=0.964956 cc_score=7925854857590734848.000000 ov_score=55723425792.000000 Q={ 0.988 0.000 -0.152 0.000 } Tran={ 114 18 107 } 
*110 T(A)={ 24.450 -8.694 26.721 } Overlap= 0.670480 CC= 0.842503 MTX={ 0.818439030 -0.087284223 -0.567925037 -0.087284223 0.958038693 -0.273026166 0.567925037 0.273026166 0.776477724 } score=0.995582 cc_score=8915722086333284352.000000 ov_score=62799208448.000000 Q={ 0.942 0.145 -0.301 0.000 } Tran={ 11 9 11 } 
*115 T(A)={ 46.304 -21.483 56.069 } Overlap= 0.532550 CC= 0.755339 MTX={ 0.776477724 0.567925037 0.273026166 -0.567925037 0.818439030 -0.087284223 -0.273026166 -0.087284223 0.958038693 } score=0.971162 cc_score=8521680758438363136.000000 ov_score=49905926144.000000 Q={ 0.942 0.000 0.145 -0.301 } Tran={ 116 23 112 } 
*125 T(A)={ 47.558 -15.256 54.645 } Overlap= 0.671412 CC= 0.863369 MTX={ 0.917801963 0.352906079 0.181925034 -0.181925034 0.781071200 -0.597353074 -0.352906079 0.515155037 0.781071200 } score=0.993236 cc_score=10506956204771639296.000000 ov_score=62901972992.000000 Q={ 0.933 0.298 0.143 -0.143 } Tran={ 115 16 112 } 
*120 T(A)={ 18.662 6.437 24.612 } Overlap= 0.653939 CC= 0.817908 MTX={ 0.958038693 0.273026166 0.087284223 -0.273026166 0.776477724 0.567925037 0.087284223 -0.567925037 0.818439030 } score=0.928302 cc_score=6345660385651064832.000000 ov_score=61310238720.000000 Q={ 0.942 -0.301 0.000 -0.145 } Tran={ 16 123 16 } 
*130 T(A)={ 48.291 -14.260 53.309 } Overlap= 0.729482 CC= 0.893475 MTX={ 0.781071200 -0.181925034 0.597353074 0.352906079 0.917801963 -0.181925034 -0.515155037 0.352906079 0.781071200 } score=0.995663 cc_score=12574365719455596544.000000 ov_score=68371341312.000000 Q={ 0.933 0.143 0.298 0.143 } Tran={ 116 14 114 } 
*135 T(A)={ 46.458 -22.213 59.545 } Overlap= 0.505336 CC= 0.743969 MTX={ 0.781071200 0.515155037 0.352906079 -0.597353074 0.781071200 0.181925034 -0.181925034 -0.352906079 0.917801963 } score=0.930630 cc_score=8073694091549868032.000000 ov_score=47267704832.000000 Q={ 0.933 -0.143 0.143 -0.298 } Tran={ 116 24 109 } 
*145 T(A)={ 48.322 -14.921 54.833 } Overlap= 0.692941 CC= 0.878354 MTX={ 0.830285124 0.169714876 0.530870587 0.169714876 0.830285124 -0.530870587 -0.530870587 0.530870587 0.660570249 } score=0.994219 cc_score=12225610526729699328.000000 ov_score=64932012032.000000 Q={ 0.911 0.291 0.291 0.000 } Tran={ 115 15 112 } 
*155 T(A)={ 17.256 8.132 23.378 } Overlap= 0.637398 CC= 0.814805 MTX={ 0.830285124 0.530870587 0.169714876 -0.530870587 0.660570249 0.530870587 0.169714876 -0.530870587 0.830285124 } score=0.974694 cc_score=7388326712515231744.000000 ov_score=59676553216.000000 Q={ 0.911 -0.291 0.000 -0.291 } Tran={ 17 122 17 } 
*140 T(A)={ 28.742 -11.102 29.350 } Overlap= 0.695114 CC= 0.871618 MTX={ 0.781071200 -0.181925034 -0.597353074 0.352906079 0.917801963 0.181925034 0.515155037 -0.352906079 0.781071200 } score=0.997261 cc_score=8677801513977905152.000000 ov_score=65097687040.000000 Q={ 0.933 -0.143 -0.298 0.143 } Tran={ 7 11 10 } 
*150 T(A)={ 49.320 -14.186 53.804 } Overlap= 0.706861 CC= 0.884630 MTX={ 0.660570249 -0.530870587 0.530870587 0.530870587 0.830285124 0.169714876 -0.530870587 0.169714876 0.830285124 } score=0.993241 cc_score=11930809469090398208.000000 ov_score=66200793088.000000 Q={ 0.911 0.000 0.291 0.291 } Tran={ 116 14 114 } 
*33 T(A)={ 25.619 -12.176 21.179 } Overlap= 0.555503 CC= 0.769379 MTX={ 0.911769615 0.242924655 -0.331155040 -0.331155040 0.911769615 -0.242924655 0.242924655 0.331155040 0.911769615 } score=0.948572 cc_score=8520756069159403520.000000 ov_score=52053409792.000000 Q={ 0.966 0.149 -0.149 -0.149 } Tran={ 9 13 17 } 
*160 T(A)={ 27.486 -8.786 28.039 } Overlap= 0.696267 CC= 0.871611 MTX={ 0.795080070 -0.083853591 -0.600679905 0.416754895 0.795080070 0.440639456 0.440639456 -0.600679905 0.667098695 } score=0.998191 cc_score=8696857149998891008.000000 ov_score=65280147456.000000 Q={ 0.902 -0.288 -0.288 0.139 } Tran={ 8 9 12 } 
*165 T(A)={ 48.835 -14.184 52.998 } Overlap= 0.737921 CC= 0.891184 MTX={ 0.795080070 -0.440639456 0.416754895 0.600679905 0.667098695 -0.440639456 -0.083853591 0.600679905 0.795080070 } score=0.996731 cc_score=11369525275785166848.000000 ov_score=69151473664.000000 Q={ 0.902 0.288 0.139 0.288 } Tran={ 116 14 113 } 
*101 T(A)={ 49.945 -13.321 56.599 } Overlap= 0.673418 CC= 0.842643 MTX={ 0.818439030 -0.567925037 0.087284223 0.567925037 0.776477724 -0.273026166 0.087284223 0.273026166 0.958038693 } score=0.988873 cc_score=9020199880227815424.000000 ov_score=63036194816.000000 Q={ 0.942 0.145 0.000 0.301 } Tran={ 115 13 110 } 
*54 T(A)={ 27.449 -8.998 30.113 } Overlap= 0.692296 CC= 0.859712 MTX={ 0.886147429 -0.109245152 -0.450342348 0.176122920 0.978287388 0.109245152 0.428629736 -0.176122920 0.886147429 } score=0.997712 cc_score=8095427038384488448.000000 ov_score=64825065472.000000 Q={ 0.968 -0.074 -0.227 0.074 } Tran={ 8 9 9 } 
*4 T(A)={ 50.522 -17.957 60.597 } Overlap= 0.571537 CC= 0.801209 MTX={ 0.977238847 -0.138194183 -0.160955336 0.160955336 0.977238847 0.138194183 0.138194183 -0.160955336 0.977238847 } score=0.956071 cc_score=7102430049793474560.000000 ov_score=53515124736.000000 Q={ 0.991 -0.075 -0.075 0.075 } Tran={ 113 18 107 } 
*180 T(A)={ 21.078 2.604 24.565 } Overlap= 0.690833 CC= 0.842822 MTX={ 0.667098695 0.600679905 -0.440639456 -0.440639456 0.795080070 0.416754895 0.600679905 -0.083853591 0.795080070 } score=0.919545 cc_score=6373727069217488896.000000 ov_score=64705519616.000000 Q={ 0.902 -0.139 -0.288 -0.288 } Tran={ 13 127 14 } 
*175 T(A)={ 24.297 -13.241 18.719 } Overlap= 0.543860 CC= 0.774077 MTX={ 0.795080070 0.440639456 -0.416754895 -0.600679905 0.667098695 -0.440639456 0.083853591 0.600679905 0.795080070 } score=0.946125 cc_score=10375908712391901184.000000 ov_score=50969182208.000000 Q={ 0.902 0.288 -0.139 -0.288 } Tran={ 10 15 19 } 
*106 T(A)={ 48.156 -20.308 56.480 } Overlap= 0.548808 CC= 0.772011 MTX={ 0.776477724 0.273026166 0.567925037 -0.273026166 0.958038693 -0.087284223 -0.567925037 -0.087284223 0.818439030 } score=0.963952 cc_score=8507520148184236032.000000 ov_score=51417964544.000000 Q={ 0.942 0.000 0.301 -0.145 } Tran={ 115 21 112 } 
*170 T(A)={ 47.480 -19.783 55.099 } Overlap= 0.554248 CC= 0.777011 MTX={ 0.667098695 0.600679905 0.440639456 -0.440639456 0.795080070 -0.416754895 -0.600679905 0.083853591 0.795080070 } score=0.958462 cc_score=8096347879372750848.000000 ov_score=51959037952.000000 Q={ 0.902 0.139 0.288 -0.288 } Tran={ 115 21 113 } 
*111 T(A)={ 48.980 -17.461 56.916 } Overlap= 0.578610 CC= 0.794762 MTX={ 0.818439030 -0.087284223 0.567925037 -0.087284223 0.958038693 0.273026166 -0.567925037 -0.273026166 0.776477724 } score=0.980201 cc_score=7960218444249432064.000000 ov_score=54211379200.000000 Q={ 0.942 -0.145 0.301 0.000 } Tran={ 115 18 112 } 
*126 T(A)={ 17.060 7.524 24.098 } Overlap= 0.623211 CC= 0.807764 MTX={ 0.917801963 0.181925034 0.352906079 -0.352906079 0.781071200 0.515155037 -0.181925034 -0.597353074 0.781071200 } score=0.924171 cc_score=6317551370886971392.000000 ov_score=58357448704.000000 Q={ 0.933 -0.298 0.143 -0.143 } Tran={ 18 122 17 } 
*121 T(A)={ 47.951 -15.086 51.167 } Overlap= 0.758768 CC= 0.903778 MTX={ 0.917801963 -0.181925034 0.352906079 0.352906079 0.781071200 -0.515155037 -0.181925034 0.597353074 0.781071200 } score=0.997406 cc_score=12662859912817147904.000000 ov_score=71009566720.000000 Q={ 0.933 0.298 0.143 0.143 } Tran={ 116 15 115 } 
